0,-3.7259,-4.032,50.057,-2.9249,51.739,11.194,-8.8985,-5.8125,0.61325,-4.9898,-13.256,7.2017,9.6341,7.3128,54.588,-16.559,7.1099,44.834,-9.1451,35.612,29.504,-2.8745,27.673,-2.692,-5.6125,11.189,-12.557,20.163,15.124,-6.6683,-15.536,20.153,-3.765,13.636,27.891,8.1546,3.2972,-13.607,-1.5991,-10.521,17.744,14.233,6.8648,13.18,6.8011,-10.515,-4.2976,-24.401,-12.364,22.147,15.121,10.488,18.488,10.574,3.2634,12.208,-6.7186,8.6295,-9.732,25.455,-8.4216,6.9155,-7.8478,7.3768,1.3395,-0.28563,-10.78,-5.4043,-11.804,-14.734,-17.175,-13.393,-4.7041,-12.245,-17.21,-21.711,-18.663,-16.128,-9.0055,-15.402,-4.8339,-2.7737,-12.928,-1.9758,-11.933,-9.3675,-8.3248,-14.676,-7.563,-7.2261,-12.412,-16.526,-10.895,-9.1507,-17.314,-9.5199,4.777,-2.6724,-3.8051,-10.787,-2.5291,-1.0398,-9.3021,2.3673,1.8189,1.594,-2.9855,0.33771,-8.3293,-3.3491,-3.0593,-7.7888,-3.0935,-3.5649,2.8073,1.4981,-3.0478,-5.9135,-3.0021,-0.54383,4.7496,-5.03,1.453,-4.4808,2.6642,4.0525,-1.1512,1.5185,-7.8906,-2.2785,0.41609,-0.051325,-2.2107,-2.1325,-9.2002,-3.9604,1.7565,0.74301,-2.0682,-3.0029,-2.0067,4.3854,-1.601,-5.8412,-5.4671,0.50125,-3.3219,5.8944,5.3646,3.0549,7.1011,-4.1444,-4.0339,3.056,-4.7692,-3.9964,-0.018987,-1.805,-2.0054,0.29829,-2.2568,-4.4171,-1.976,4.2824,-0.8745,0.99737,1.8683,-2.2241,-3.316,-1.9706,4.5356,2.6378,-0.82184,-3.0096,-3.1736,2.9361,-2.9483,-5.333,-5.5602,3.6642,3.5289,-3.4129,-0.7652,-3.1582,-1.8466,-0.71064,-1.518,-3.3607,-2.7477,-0.34668,-0.49739,-1.0388,-2.8705,-2.327,1.1026,-0.34488,-6.6239,0.77106,2.4349
-3.7259,0,-9.6335,-3.6004,34.545,5.3656,17.592,9.0583,-0.33293,3.829,39.747,6.6081,-7.2187,-3.2612,-3.1808,-5.6306,-1.5287,37.36,-4.9314,-2.4142,5.8061,3.9053,0.7632,7.8177,-5.2233,-0.57222,-2.8829,4.7977,-5.932,14.025,-0.3827,1.484,-7.4926,-4.7979,5.7132,-7.7859,4.3477,-1.1841,4.9905,2.0188,2.035,4.1443,34.186,-2.9497,-6.1038,-1.7301,0.07988,4.556,2.9086,6.4974,-3.3487,-3.7894,2.5232,-3.7993,-4.8755,1.2509,22.789,4.4922,-10.447,1.006,-7.0145,-0.85359,1.0175,1.4886,-0.5781,-1.8539,4.2161,5.3131,4.2099,7.0385,6.6756,0.86228,2.8278,10.107,0.25437,-0.25899,2.7608,0.75698,-0.98627,2.0533,0.019382,1.6926,-0.62515,1.825,2.2473,1.8712,4.6373,2.9514,1.6709,1.0696,-2.1287,-1.7903,1.8203,1.6219,-2.008,0.016705,-0.89122,-1.4813,0.63546,-0.12058,5.0764,0.87691,2.9845,-3.5005,-1.9296,-1.3755,-1.5596,-0.40454,0.061893,-3.4581,3.7697,0.58773,-1.5925,-1.1412,2.3689,-0.41533,2.3847,-1.1571,-4.5294,-0.91763,1.1325,-1.266,2.52,3.5771,0.82212,-1.1722,2.6172,0.29612,-1.3923,1.5509,3.965,0.22504,0.071087,-0.31059,-0.061553,-2.611,-1.0171,-1.2149,0.12439,1.9464,-1.8236,1.2349,-0.094778,-2.1597,-0.037577,-1.8539,2.2869,-1.7195,0.16036,1.1557,0.64632,2.5029,-1.0568,0.63007,0.95854,0.093028,-0.50846,0.15952,-1.7234,-0.16962,-0.13953,0.076192,-2.236,0.25444,-1.318,0.14378,0.38661,-2.4737,-1.9243,0.14706,-2.1088,-3.6848,-0.030633,0.25258,1.2288,0.69924,-1.5783,-0.57103,-0.47172,-1.7203,-1.553,1.1662,-0.24394,-1.052,-1.1259,2.0498,-0.53718,-0.28077,-2.9225,-1.5107,-1.2125,-0.7666,-1.6463,-0.53109,0.62694,-1.2902,0.03108,-0.00062556,1.7811,1.441
-4.032,-9.6335,0,-13.53,1.7553,-15.25,-18.849,-21.783,13.06,12.525,-2.0532,-5.449,9.1097,16.067,-4.9717,-8.6157,-5.9875,-5.157,-9.4798,7.5242,-5.5893,-2.5007,19.251,-8.9449,18.64,11.929,11.285,-1.4785,-13.104,-2.5572,6.2093,-19.263,10.835,-2.2389,-1.033,15.472,-14.842,13.002,1.7315,8.4085,7.5495,-1.6231,-3.5116,-8.4124,3.4524,-8.58,-15.724,2.066,6.3125,-8.4213,14.332,-8.5683,-12.175,-10.221,-4.253,-8.831,0.25457,-10.97,-1.3228,18.555,19.502,20.423,-10.323,13.97,-8.3029,-5.0136,-14.388,-13.658,3.9925,-5.8681,3.7213,5.102,1.4281,4.0732,8.1953,-5.3518,-6.1218,-1.0735,0.1469,-2.192,1.4269,2.5519,-0.32516,-0.55856,-2.7034,5.1312,1.7484,6.3806,-3.4,5.6667,12.091,3.0605,-2.1729,7.6585,0.27209,-5.9511,9.4874,-2.6585,2.2714,7.5826,1.4937,5.3041,-4.9161,-7.5257,5.553,4.6379,-4.2708,-1.791,1.8102,12.921,-3.7164,3.8995,-0.5424,0.1499,-3.0736,4.3614,0.47535,2.1237,11.72,1.1786,-2.5835,-3.9576,3.0457,4.2209,-2.2812,-0.36067,-1.5332,-1.6169,-7.168,0.82458,-0.48477,-0.56335,0.01403,1.6786,0.22278,2.8556,-2.4079,-1.4976,-3.3299,2.4167,-0.87913,-1.8474,-4.847,-3.0265,-1.8597,2.5595,-2.0197,1.5755,-4.9488,-2.535,-5.8402,-0.8937,-2.308,-2.2624,2.6344,-2.2299,10.998,-0.85151,-0.12596,0.66867,-0.66717,0.50973,-1.2491,-2.0765,-3.3975,0.82147,-0.12233,-1.8495,1.2762,-2.5126,0.82061,3.025,-3.2682,0.56282,0.36454,-3.7267,1.0718,-1.0139,-1.9199,-2.1869,-0.87393,2.4131,-2.3419,-4.8891,1.1871,0.17966,-1.3171,-2.1545,5.0934,-0.17468,2.5424,0.24334,0.89422,1.4646,-3.9468,1.4488,-1.6322,-2.6126,-0.70939,-1.9997
50.057,-3.6004,-13.53,0,-17.289,47.183,17.61,-4.2615,-5.4581,-4.9031,-11.329,-13.557,6.5722,3.185,10.274,47.186,-11.292,0.38989,39.883,-8.6223,32.543,30.152,-5.9324,24.118,-5.7081,-5.7197,5.2036,-6.5293,16.071,-2.5866,-10.012,-9.4454,20.033,3.5503,20.653,19.199,26.646,-3.479,-13.197,-2.7681,-15.63,21.27,3.3288,14.579,12.769,17.105,5.1758,-5.2922,-19.554,-6.7489,8.3237,15.273,13.209,20.011,11.964,12.681,-0.079227,-0.97994,11.514,-14.281,17.722,-13.642,11.269,-8.7607,1.4912,0.27242,1.0126,-6.8429,-8.7729,-7.9346,-14.145,-18.373,-10.905,-6.3895,-9.1274,-8.3126,-12.269,-16.247,-11.349,-6.1642,-13.674,-7.9273,-1.4147,-11.854,1.0203,-8.4169,-10.514,-7.4284,-12.066,-6.7623,-8.1267,-9.6288,-12.358,-13.962,-2.055,-10.139,-10.906,2.8946,-5.3971,-4.7107,-14.116,-5.7279,4.083,-1.1033,-1.6765,-3.0804,5.6101,-3.0994,-0.021405,-8.0468,0.89637,-4.0163,-7.4836,-3.5169,1.3101,-0.81075,2.6669,-6.3631,-5.4304,-4.4788,-1.0053,6.2227,-4.5211,-7.5082,-1.2896,1.1674,-1.6288,-4.315,5.0672,-1.3178,-6.9342,0.23382,-3.2181,-2.0431,-4.087,-4.6148,-2.2025,-0.10389,4.6547,-6.4035,-2.4653,-2.9914,9.2258,-0.19865,-5.7937,-3.3328,-4.995,-2.3598,5.5443,3.4882,2.2449,-3.1544,-4.2916,-2.2986,-2.398,-4.3711,-6.938,0.77953,0.28817,-3.1415,-2.6149,-2.5033,-2.8544,-0.98574,1.8059,-2.3602,1.528,2.1722,-3.1229,-0.29405,-2.8735,4.2447,3.1,-5.1021,-5.3897,-0.44206,0.41088,-2.7601,-3.3991,-3.7412,0.85523,-2.3514,-4.0377,2.1679,-2.0995,-0.70022,-1.2865,-4.9596,-7.5558,-3.4773,-0.038117,-3.1516,-1.4708,-4.1816,-2.9778,-0.037921,-1.9751,-2.8893,3.4045,-0.14437
-2.9249,34.545,1.7553,-17.289,0,-4.1755,6.0821,0.71929,2.1639,8.4628,41.117,2.6519,-3.4298,5.0768,-7.599,-15.139,1.1492,29.24,-8.715,-2.1022,-3.5893,-12.771,0.488,3.5947,-3.6828,0.88055,-1.8501,-0.65679,-3.2918,10.137,6.1848,-1.2183,-7.872,-11.793,-4.1746,-3.4511,-15.587,3.9176,3.6756,1.541,2.8512,-2.4525,28.023,-11.823,-4.1733,-10.701,-9.6199,3.468,3.4126,0.57995,-2.6169,-3.6729,-6.969,-4.674,-1.2352,-7.1989,23.259,1.1071,-9.0413,4.011,0.18562,2.8688,-2.476,2.9426,4.3965,-4.7157,2.8358,1.6803,5.9976,2.3215,7.7422,8.3937,5.1923,7.2798,1.3706,-1.9138,2.9216,5.7753,2.8805,3.4738,2.3163,4.4401,-0.34387,4.5447,3.2697,0.87885,4.5535,0.67179,2.8658,3.1298,2.9773,0.92493,0.23025,5.5708,-0.37407,1.9699,3.327,2.4375,4.5686,4.6168,9.3521,4.7688,1.7201,-6.2338,2.535,2.3673,-2.2294,0.17948,-0.14803,1.8204,-0.16348,3.1819,1.5334,0.39136,-0.48479,4.1796,1.4058,2.1306,-0.68367,1.5539,3.1827,-1.742,3.1315,8.1128,-0.66886,-0.46325,3.6608,4.3291,-4.9936,-1.1782,5.6482,-0.56419,2.6342,0.26148,2.7757,0.88686,0.57808,2.3243,-0.18339,5.1622,0.2992,1.115,-3.6484,-0.3872,1.3079,-0.27871,3.1176,-4.3924,-0.37402,-1.1707,4.9747,6.957,0.68738,-1.1873,2.9014,1.4702,1.8453,-0.70135,-0.52578,0.8765,1.5287,0.16728,0.52169,0.94554,0.12336,1.0261,-1.521,-1.6924,1.3335,-2.2925,2.106,-2.2236,-1.6617,2.7092,2.4579,-1.262,0.012474,0.41177,-0.73151,-3.0887,-1.1372,4.0097,1.4303,-2.1941,-1.6146,0.80199,1.9005,2.6108,4.4651,1.8605,-0.64478,1.7125,-3.4232,0.74873,0.85143,-0.38935,0.79069,-1.0431,-2.8362,-0.54174
51.739,5.3656,-15.25,47.183,-4.1755,0,34.069,-4.0659,-6.6619,0.2513,0.29843,-12.326,4.3894,6.3855,3.7483,52.805,-13.08,12.579,52.589,-10.385,39.345,34.028,-7.622,35.692,-8.1989,-8.6288,10.166,-9.0191,13.388,11.427,-4.6653,-9.7744,24.311,-2.094,23.719,23.297,20.371,-2.2961,-12.792,-2.9494,-12.066,25.868,15.335,7.3117,8.0999,9.3117,-5.2093,-4.4927,-21.469,-9.1743,9.1633,11.15,17.448,12.775,11.223,5.8454,14.163,-3.4774,4.0197,-14.663,15.489,-12.123,7.5589,-9.4114,3.3071,-2.7623,3.3585,-6.9963,-5.1431,-8.1752,-12.529,-14.349,-9.6264,-4.2494,-13.231,-12.591,-14.645,-13.618,-14.541,-3.2593,-13.241,-5.4297,-2.0859,-10.704,0.16851,-9.0425,-7.698,-8.9612,-11.234,-8.3274,-7.8517,-9.7289,-12.912,-12.356,-6.4936,-11.318,-6.8677,4.5479,-2.5991,-1.568,-8.818,-1.4573,2.2378,-5.2394,-0.4506,1.0017,1.1868,-1.9838,-0.24478,-7.2485,-0.17529,-0.98942,-7.8058,-3.5844,-1.5519,4.7277,4.9769,-5.0523,-6.0493,-2.9146,0.20337,4.7721,-2.266,-0.65036,-1.2071,2.5433,2.326,-1.2295,0.90801,-5.6966,-2.2469,-0.37192,-0.1765,-2.4978,-3.6154,-6.342,-3.6086,3.7222,4.8334,-2.5918,-3.2776,-1.7569,7.4602,-1.4059,-5.2272,-4.3836,-0.75469,-4.9949,4.9161,5.6216,5.0719,4.891,-3.4338,-2.2245,-1.0779,-4.0225,-5.3537,0.89166,-2.3592,-3.2099,-0.71842,-2.1731,-4.1894,-0.51772,3.9536,-1.6416,1.035,1.1314,-1.1147,-1.7837,-2.5318,3.5681,2.2827,-3.7184,-3.2475,-2.3399,1.4766,-2.9406,-4.4714,-4.3226,2.2895,1.0799,-2.8038,0.22259,-3.8231,-0.96727,-0.77581,-1.6952,-5.4864,-3.0446,-1.1143,-1.5437,-2.5488,-3.4985,-1.5785,0.066754,-0.69446,-4.7381,-0.41076,1.0861
11.194,17.592,-18.849,17.61,6.0821,34.069,0,5.4638,-4.5266,-6.5198,16.557,-1.8594,-4.2431,-6.2246,1.3513,26.133,0.70558,20.08,31.485,-0.072698,17.15,18.673,-8.6728,40.114,-7.2647,-4.1828,7.9135,3.8721,0.33254,6.8457,-3.1767,2.7202,17.249,6.3929,31.967,5.3341,21.894,-7.7743,-3.5826,-9.9831,-7.5611,27.638,19.907,3.8787,-5.7232,6.942,5.3333,-5.6857,-7.3937,-2.0519,-1.3268,3.5277,24.128,2.9502,2.595,5.8566,19.872,2.7532,-1.6304,-6.9347,-1.544,-7.5121,3.8811,-3.4492,-3.6681,2.2455,3.7252,-1.5777,-5.8887,-0.70056,-6.6203,-6.8567,-2.5258,-1.6571,-7.1554,3.0821,0.5498,-3.3483,-5.1244,-1.0903,-7.9565,-1.9275,-0.57814,-4.1374,6.1647,-5.3468,-5.1533,-1.6293,-3.3067,-4.3019,-3.1939,-2.9885,-5.2351,-5.7705,4.1875,1.4648,-4.9022,2.7952,-1.1597,0.71213,-4.2526,-5.1131,4.9485,-0.38872,-5.0859,-5.2595,1.2754,-0.73196,0.099286,-3.5552,4.3432,2.2952,-2.7084,-5.6552,0.43546,0.96003,3.1516,-5.1207,-6.0479,-1.9693,1.7219,3.0068,-2.5869,-2.6926,-0.74231,-0.51,-3.106,-3.0899,0.88024,-0.64853,-3.6145,-1.5389,-2.9946,-2.0252,-2.2817,-1.7683,-0.58171,2.1265,7.6341,-3.9922,-1.5216,-1.6179,8.0783,2.1074,-3.113,-3.097,-2.569,-1.3187,0.81601,0.51948,3.0894,-2.8336,-1.8577,-2.8778,-1.4702,-1.3391,-4.1116,0.41148,2.413,-2.1609,-2.6443,-1.2359,-0.88804,-1.1706,-0.98887,-1.3383,0.30512,-0.51419,-1.4146,-0.69827,-2.2777,0.16387,0.83046,-2.7589,-2.6581,0.51377,-1.2296,-1.7143,-2.4976,-0.5785,-0.010851,-2.5407,-2.1035,-0.18282,-2.6831,-0.75446,0.48599,-3.3509,-5.9997,-1.3973,-1.5395,-1.5629,-0.97787,-3.032,-1.4082,-0.5086,-0.59114,-1.0295,1.208,-0.8033
-8.8985,9.0583,-21.783,-4.2615,0.71929,-4.0659,5.4638,0,-19.254,-12.288,-0.77775,19.157,-20.913,-28.713,4.8256,-4.5204,15.216,0.77706,-7.0677,16.352,-4.8065,-4.7249,-5.314,-2.2335,-10.814,-2.221,-14.669,38.798,-10.585,7.4341,2.5182,38.559,-10.785,4.363,-2.6163,-15.555,2.7108,-12.838,21.664,1.8139,5.2992,-13.568,1.1384,4.2775,-9.3039,4.6646,33.322,4.956,10.454,21.577,2.4564,-5.4266,-5.2057,-0.10538,-1.7817,4.9432,-3.9732,22.696,-12.713,5.1203,-13.659,5.9898,13.999,-4.6193,4.4899,21.604,19.957,20.47,-5.2142,12.423,4.3661,0.076873,7.2261,4.6552,1.4995,13.181,15.05,1.661,1.1741,-4.1862,0.47332,2.885,-0.55886,3.6942,7.5049,0.92095,5.2655,5.9737,16.168,-4.9698,-7.0155,-1.966,5.2555,4.3343,4.5071,6.6239,-5.207,-6.7313,-4.4767,-11.05,1.3157,-8.107,4.9186,3.9781,-7.1084,-10.938,-2.4897,2.4723,0.32908,-8.792,10.12,-4.6688,-1.2794,-8.7214,4.7939,-6.8171,-7.4943,-2.4434,-10.542,-2.182,-1.9117,-3.2388,3.6307,3.7954,-2.8501,-5.2049,-4.549,-1.6935,3.0529,1.0277,0.15003,-3.7697,-3.699,-1.8076,-2.6165,-4.1128,-1.1706,-5.3111,-0.62697,-3.6731,-3.8912,1.4255,-3.7855,1.0918,-1.2284,-3.8141,2.3642,3.7496,-1.6104,0.24206,-3.4852,-3.4955,-3.02,0.41187,-0.80386,-0.88999,-2.4885,-2.0471,-0.13603,0.4943,-1.297,-1.0826,0.66924,-1.2044,-1.5522,0.2427,1.0991,-3.0242,-3.7228,-0.33791,-3.0514,-7.2929,0.16017,3.4971,-2.6656,2.2288,-1.8612,0.050001,-1.1155,5.6415,-2.0512,-3.4533,0.62302,0.015372,-0.32455,-1.7228,-2.6414,1.2756,-6.5232,0.0043645,-1.4741,-1.402,2.3166,-1.6011,1.8205,-2.5568,0.82916,-1.9111,-0.75392,0.095155
-5.8125,-0.33293,13.06,-5.4581,2.1639,-6.6619,-4.5266,-19.254,0,15.141,4.1755,-9.4831,7.968,20.214,-5.8657,-5.5357,8.6259,-0.5803,-5.6705,-19.377,-0.61068,-2.7678,24.765,-7.2581,17.501,25.978,23.224,-5.9187,-5.8881,2.5638,7.3983,-28.391,-3.21,-1.9349,3.8029,-7.4389,-5.8272,18.403,-19.735,19.22,-9.3997,4.9587,-0.66804,-8.3064,-9.5089,-7.4173,-16.207,24.512,14.143,11.294,-17.854,-2.2292,-2.1599,-12.657,-7.6096,-8.0881,-0.59979,-0.11843,0.59334,22.578,-0.37763,20.448,-3.9188,28.147,9.9246,-14.157,-4.6423,-17.827,8.6986,-2.365,0.24982,14.32,1.9118,10.393,13.355,-5.4006,4.6712,10.39,7.5261,6.6597,0.73966,-2.7967,0.10324,5.2075,-6.5458,7.9499,8.4165,2.6466,-5.0145,15.634,19.211,7.8035,-0.97569,-5.926,4.799,6.2806,13.88,1.9503,3.5007,10.642,4.078,11.253,-1.6444,-8.1685,2.6266,3.0846,-2.3724,-1.1647,1.546,7.0321,-4.4999,8.5084,2.3318,7.5148,1.7948,2.5381,5.8742,1.027,3.9519,0.32405,2.5984,-2.1374,-0.49934,-6.7696,0.033003,-0.80205,-2.2915,-1.7005,-4.4017,0.017589,1.2002,1.9887,-1.3148,-0.18243,2.3085,3.9583,2.335,1.3564,0.68389,1.3824,-0.21347,-1.5467,-1.4471,-1.8495,-1.0902,4.08,-0.77998,-5.9768,-3.0898,-1.9537,-1.1154,0.14391,2.6112,-2.4449,5.9613,0.75945,0.9818,0.32793,1.4694,1.0595,-0.72337,2.3942,0.30914,-2.3604,-2.8727,1.385,-0.048121,-1.2602,1.2873,-0.92861,0.10845,0.8572,-1.0076,0.039943,1.9389,-1.4873,-3.0357,0.29005,0.020843,-6.7766,-1.2207,0.012873,-1.8783,-1.7528,-0.77009,1.0119,1.9684,-2.7895,2.4506,-1.0166,0.037426,0.18955,-5.9733,-1.4212,-0.29375,1.4749,-0.84523,2.2011,0.77778,-0.76639
0.61325,3.829,12.525,-4.9031,8.4628,0.2513,-6.5198,-12.288,15.141,0,6.1324,3.3878,4.0745,25.311,-14.414,-5.4744,5.192,2.7406,-4.8143,-10.753,4.4457,-4.665,6.5308,-10.565,0.12856,16.756,1.0872,-0.55105,-5.4079,5.5924,23.44,-18.943,-9.1325,-22.2,-3.8738,4.3267,-14.532,-3.6774,9.3363,13.802,9.8825,-1.5526,2.4428,-14.995,0.025707,-15.749,-17.13,30.127,4.197,-3.1342,5.9453,-9.139,-11.577,-13.058,-4.0996,-18.492,2.3613,-5.3557,-11.226,4.1857,11.64,8.5828,-15.716,10.23,9.0545,-28.427,8.1638,-8.2299,3.1713,-0.52517,4.4151,10.485,7.6842,4.6654,2.3526,-8.5181,0.76106,4.9381,1.1872,6.0944,-3.0699,2.1571,-0.65255,5.7861,-0.02894,1.783,6.6287,3.9678,-3.6398,11.785,5.7878,2.4108,5.3297,-1.8991,-3.7565,5.4529,16.556,4.5753,7.6864,2.0386,6.5123,7.4925,-2.4944,-16.559,4.4208,6.6128,-8.7836,-0.18203,2.5001,10.426,-7.0948,1.3328,-1.7793,3.4481,1.1093,8.8331,4.7765,2.4251,2.7719,2.3495,-0.87371,-1.5684,6.2541,3.1363,2.8262,-1.1873,6.2894,0.95594,-5.0862,-3.1755,7.0391,1.1657,1.4458,0.95052,0.020028,2.2613,-0.84124,5.0536,-6.9442,5.0658,-0.18056,0.68926,-3.512,-2.8894,-0.34269,-0.87464,1.9911,-10.774,-0.025481,-0.70553,-0.72627,10.887,1.2452,-2.2455,3.9052,0.17431,5.2006,-0.53527,-2.4314,1.2408,1.1829,1.613,0.18017,-4.2434,0.13099,2.3647,-1.2057,-1.7938,1.9349,-3.2813,2.0469,0.41887,-2.1743,-1.0783,3.5306,-2.3777,-0.11041,0.54931,-1.4076,-9.3939,1.3644,4.405,0.93326,-3.8859,-1.1785,1.0037,0.88525,1.8328,3.4695,-0.21159,0.10194,0.3839,-8.0277,0.23955,0.59425,0.64234,-0.42327,-0.21452,-3.6186,2.1495
-4.9898,39.747,-2.0532,-11.329,41.117,0.29843,16.557,-0.77775,4.1755,6.1324,0,0.13622,-2.9237,0.31194,-5.0741,-9.1159,2.2412,38.95,2.2371,-0.73799,1.9286,-2.6773,-3.2149,10.924,-3.4944,4.5344,1.9591,-3.2693,-3.0277,6.3541,6.8217,-0.04684,-3.6478,-5.7483,5.4473,-2.6099,-0.26608,1.1928,1.9492,-0.76767,-1.0319,5.9923,33.686,-5.0521,-5.5731,-5.322,-4.0378,2.019,2.9145,-2.3429,-3.374,-1.9779,5.8946,-4.567,-0.90705,-3.1158,28.868,1.4256,-7.4882,1.6827,-2.005,-2.1462,-5.0682,5.4775,-1.1791,-5.1774,-0.011234,-1.6853,0.66107,0.38745,1.4751,5.7925,5.4806,3.1226,-3.2863,-0.30835,3.0689,5.121,-0.092308,4.2269,-2.5016,2.3055,-0.30246,3.7898,4.4042,-1.0615,1.2834,0.33348,-1.2388,1.372,1.8471,0.43393,0.30945,0.37057,0.65023,4.7839,4.7359,1.4541,1.4306,5.2179,2.7271,3.7578,-1.3244,-2.5344,0.62524,1.5401,-1.6534,0.90842,0.40359,2.5738,-1.3636,3.3762,-1.0194,2.4269,-1.9282,3.4093,3.3648,-1.5285,-0.57658,0.092548,0.17546,-1.5232,-3.0101,3.034,1.1836,-0.48728,0.97083,0.19618,-2.7625,-1.4275,1.8411,-1.1384,-0.80981,-0.2184,-1.2552,2.4642,0.30659,2.4874,0.71796,1.558,-1.056,-0.45997,1.6627,-1.0588,-0.003085,0.58099,0.026377,-1.2539,-2.3328,-1.0126,1.6319,3.5609,0.97659,-0.17994,-0.41681,0.6158,-0.81237,0.11985,-1.5978,-1.0194,-0.50922,-0.1018,0.26095,-0.28807,0.031904,-0.20161,-0.54284,0.59525,0.70413,-0.87388,-0.33689,-0.68409,-0.40313,-2.3134,-0.10439,-0.93236,-0.43601,0.37868,-0.32845,-0.080717,0.67753,0.86429,0.94167,-1.1006,-0.29254,-0.88482,-1.1071,0.78693,0.06267,0.39066,0.07033,0.42496,-1.3977,-0.035461,-0.17758,-1.2198,-0.02577,0.90261,-1.8085,-1.6752
-13.256,6.6081,-5.449,-13.557,2.6519,-12.326,-1.8594,19.157,-9.4831,3.3878,0.13622,0,-30.89,-27.976,0.10986,-14.646,20.796,-2.0112,-12.463,31.169,-8.7412,-9.1808,7.0796,-13.834,-18.6,12.156,-20.339,22.743,-15.271,8.9756,2.6467,24.622,-20.258,-0.58588,-13.025,-21.152,-3.4325,-12.799,45.774,-10.067,38.778,-20.992,-1.4409,-1.8765,-11.936,-1.7482,6.5651,8.1402,28.06,15.522,23.578,-5.5686,-10.697,-6.1935,-17.455,-2.2486,-3.4495,-8.7752,-18.738,13.163,-21.007,15.203,-9.2183,6.3268,-18.103,21.136,-7.6706,5.9921,-6.978,17.923,9.0923,4.712,11.552,8.5284,7.5117,22.382,9.1436,8.9003,7.1153,-5.3585,9.4074,8.2528,-0.2846,-0.90649,-2.9325,3.9923,2.6895,23.006,10.642,1.4561,-0.8425,9.3715,16.227,19.057,3.1803,13.353,3.9657,-7.3352,-2.8696,-11.096,4.0471,-15.104,-3.1459,-0.56218,-10.336,-9.7023,-9.2847,5.0548,1.1011,1.9552,1.3506,-2.7002,-1.5292,-10.726,-1.7432,-6.3441,-6.9858,-4.3366,-6.4952,2.3781,-1.6839,-5.9595,-0.011748,13.047,-1.9611,-4.3388,-3.5488,-3.1425,-0.55229,-0.36202,0.73129,-2.4447,-4.0652,0.26559,-2.583,-7.1482,-2.0845,-4.3398,-7.7555,-1.0474,-2.5007,2.5504,-7.0455,0.38847,0.24385,-4.5739,3.6565,11.373,-4.7867,-1.9972,-6.8607,-4.9664,-1.6709,-0.97666,-1.907,2.1221,4.4088,-1.8886,-0.63345,0.10579,-1.2989,-0.75887,1.0337,-2.6685,-3.9431,-0.67413,-1.0397,-4.4713,-2.772,-0.60743,-4.5642,-8.5594,-2.309,-0.31321,-0.13051,1.0178,-1.5607,-0.22844,-1.6909,9.8335,3.2572,-3.1253,2.2182,-3.2891,0.0046072,-1.9804,0.11819,2.3234,-3.6223,0.089699,-1.9432,-0.51804,9.3003,0.066956,1.4261,-1.6084,1.33,-0.55449,-0.11142,3.6257
7.2017,-7.2187,9.1097,6.5722,-3.4298,4.3894,-4.2431,-20.913,7.968,4.0745,-2.9237,-30.89,0,31.708,-7.0781,8.3787,-13.239,-2.005,3.6453,-24.728,4.8501,2.7395,-8.7705,5.4484,22.515,-22.259,18.159,-18.713,27.604,-16.024,-2.6512,-16.56,21.113,2.9067,6.2162,23.369,0.85241,17.964,-28.103,13.653,-26.318,25.512,-1.6816,-6.9579,24.815,-4.4867,-12.876,-12.327,-18.556,-9.0284,-19.996,3.5285,12.524,5.6366,22.116,-8.5455,0.72807,3.5296,26.53,-15.129,21.823,-13.672,-0.79034,-11.827,14.778,-20.407,4.557,1.6994,7.6993,-12.447,-8.3959,-1.2716,-6.8753,-12.543,-6.2338,-21.806,-8.1157,-7.9686,-5.6739,4.1356,-5.1652,-8.8049,0.41452,2.0689,-3.4352,-6.0183,-0.57478,-19.158,-7.5754,-4.1808,-2.6309,-8.381,-11.238,-13.698,-7.3685,-10.583,-6.1161,9.287,4.6938,9.6609,-3.6865,14.245,-0.61289,-1.2897,16.691,16.306,10.229,-5.7444,-1.0288,-3.5602,-10.132,1.736,1.46,18.429,-0.36421,9.1846,4.9401,6.2346,11.569,-2.1878,3.8792,4.4597,0.76109,-12.852,5.7884,4.2265,3.0818,3.1132,2.4293,-0.09981,-0.25709,2.6527,5.0913,-0.94596,3.7393,8.5595,3.1903,5.7162,4.8876,1.8628,2.7727,-1.982,8.4369,-0.40794,0.45799,7.2258,-4.4803,-11.471,4.8552,-0.47242,3.4158,4.1224,0.99466,3.0598,-0.17864,-3.375,-1.5381,1.8732,-4.5617,0.059582,0.9017,-2.1015,-0.26189,1.3683,4.1846,-0.19897,1.0835,3.6771,3.7386,-0.62609,4.3895,8.6032,1.1873,0.39229,-1.2187,-3.0413,0.29395,0.98245,0.59502,-9.3923,-5.2612,2.9969,-2.2414,1.3758,-1.7662,1.7742,-1.3588,-2.7553,5.4161,-1.3151,0.18216,0.11943,-9.382,-1.3261,-2.0486,1.2844,-1.7546,-1.1366,-2.0448,-4.3116
9.6341,-3.2612,16.067,3.185,5.0768,6.3855,-6.2246,-28.713,20.214,25.311,0.31194,-27.976,31.708,0,-12.057,3.7861,-16.778,2.0928,2.2534,-36.34,6.3228,1.07,3.1305,-1.4575,16.055,-10.879,12.37,-19.2,15.247,-8.079,7.0502,-40.269,8.4422,-13.02,-3.6183,12.078,-11.693,11.326,-29.295,25.397,-11.084,13.108,1.1417,-11.501,12.767,-11.814,-21.564,4.9467,-19.482,-5.7266,-20.151,-1.8189,-4.2978,-1.6617,13.05,-13.687,1.2967,-4.834,14.167,-7.4978,23.844,1.9799,5.3698,-4.0214,27.285,-34.017,15.643,-7.165,12.647,-13.166,-2.556,1.3258,-4.4201,-2.8949,-0.68456,-25.403,-8.2663,-5.2148,-1.1057,11.685,-1.2544,-7.1037,-0.076778,1.9782,-3.8745,2.9403,5.203,-11.876,-7.7926,8.676,7.203,0.27199,-8.0379,-11.321,-6.0656,-10.66,2.7756,12.459,9.4458,9.6841,3.3086,14.715,4.1562,-11.111,17.499,15.39,8.981,-4.2953,-0.079779,3.8515,-8.222,3.2065,3.5214,13.538,4.6047,8.0182,8.8867,11.029,10.877,-0.65613,2.6656,2.9116,8.0734,-8.6644,3.0477,4.8628,8.7212,5.8297,-1.0956,-0.92446,4.4379,2.6234,7.1442,0.32417,3.9292,9.288,2.3037,8.2851,2.5172,4.3271,2.9504,-0.92577,2.5118,-0.72349,0.82611,5.5646,0.64239,-16.84,4.7856,-0.7365,5.5088,9.5427,2.8718,-1.2967,5.7223,1.2565,-0.015516,-0.42857,-1.2393,0.76373,2.2726,4.0401,-1.0094,1.3087,3.5484,1.2372,-0.053943,3.2713,3.6338,-1.8119,5.4152,6.5232,-1.2258,4.7522,1.6132,-2.9909,0.39218,1.0547,1.1335,-12.745,-4.1311,5.1929,-1.5768,-0.76677,-0.41073,3.2945,0.71456,-1.6196,8.0196,0.92363,2.2482,0.18517,-12.312,0.13402,-0.595,2.1401,-1.6428,-0.25946,-4.2497,-3.4804
7.3128,-3.1808,-4.9717,10.274,-7.599,3.7483,1.3513,4.8256,-5.8657,-14.414,-5.0741,0.10986,-7.0781,-12.057,0,11.089,-2.882,-1.0878,8.2051,6.3146,2.3269,7.3351,1.1171,6.7729,-1.9614,0.74233,2.2627,0.40995,19.899,-2.9906,-9.6578,2.1397,4.529,11.505,-0.090087,-2.9687,12.554,-2.1981,-1.1256,-8.0603,-2.3641,-0.98274,2.1614,22.855,7.3962,24.244,10.59,-5.697,-8.7046,0.91236,7.6886,21.805,9.2329,34.823,3.4176,20.46,0.45313,-1.0706,12.719,-0.99138,0.07028,-1.943,12.916,-3.9487,-4.11,9.8584,-6.0567,-2.2293,-7.9725,-4.6863,-7.608,-11.104,-5.3111,-6.8283,-3.8011,-0.21636,-8.7269,-8.4327,-4.6652,-10.552,-4.1765,-4.3192,-1.4758,-10.609,-2.4574,-4.9936,-10.332,0.97385,-7.0637,-6.1466,-7.7133,-4.965,-5.6047,-3.5853,-0.35506,-4.3633,-8.1887,-3.975,-9.9837,-9.4014,-9.9078,-9.7246,-2.8757,5.1085,-5.4689,-5.9169,0.9065,-1.5912,-0.86728,-6.8261,0.42222,-4.2644,-3.5742,-5.9915,-1.7097,-7.329,-9.2451,-5.28,-4.6337,-2.8515,3.0756,1.6593,-4.765,-3.7745,-4.9009,3.8392,-4.0212,-2.4971,4.7877,-1.8623,-5.4794,5.8737,-4.3757,-1.9517,-1.5621,-6.2935,-1.6101,-2.445,1.6398,-5.7015,-3.4882,-1.4414,2.8941,0.68874,-3.6521,-3.635,-3.5496,6.4971,4.1731,2.4909,-2.5712,-2.5725,-3.973,-0.45072,-2.4153,-3.0206,-5.2832,0.178,-0.27277,-0.53322,-1.8658,-2.1902,3.8048,0.51127,3.0007,-1.9867,0.91329,4.2515,-3.5651,-0.28574,-1.44,-2.1385,3.5497,-2.5159,-4.8114,-0.84362,-1.0755,-2.353,-2.1166,5.0002,2.8084,-2.4173,-2.4414,4.2606,0.46338,-3.6817,-1.061,-2.5259,-2.3427,-1.1603,-2.0779,-1.721,4.3351,-3.6456,-1.6319,-1.1137,-0.3374,-3.7464,2.1789,0.28019
54.588,-5.6306,-8.6157,47.186,-15.139,52.805,26.133,-4.5204,-5.5357,-5.4744,-9.1159,-14.646,8.3787,3.7861,11.089,0,-14.457,5.9501,58.33,-7.4999,39.128,41.211,-2.5349,41.008,-0.021349,-4.7727,12.291,-8.0269,19.353,10.088,-9.984,-11.084,24.633,4.6379,27.593,27.988,23.313,2.5904,-15.282,-3.7471,-14.485,25.772,14.986,13.973,13.109,14.385,0.39988,-8.0408,-21.796,-8.3857,14.928,18.108,20.657,17.416,12.71,9.9096,12.651,-3.0484,12.315,-9.3433,19.8,-10.509,7.7178,-7.472,2.1133,4.1409,-2.2385,-10.251,-8.4734,-10.561,-17.884,-19.426,-14.307,-6.2533,-11.094,-12.455,-18.07,-19.127,-15.595,-9.7385,-16.844,-7.1868,-2.5609,-13.34,0.045421,-11.064,-11.526,-6.5257,-14.39,-8.4205,-8.7027,-12.806,-17.354,-13.66,-5.9367,-14.342,-12.527,2.1403,-6.267,-4.3822,-14.71,-4.4409,-0.11109,-3.4339,-0.91567,-2.4848,2.7898,-3.3454,0.18954,-9.9952,0.1253,-3.4628,-8.0607,-5.0594,-2.3889,0.12001,0.30068,-6.194,-5.949,-4.7137,-1.936,5.6299,-6.2737,-4.3063,-4.2762,1.0502,0.073612,-3.271,3.85,-5.4312,-6.1765,0.32125,-2.4022,-2.8356,-3.2529,-8.5145,-3.5388,-1.5535,4.4089,-6.2481,-3.3208,-3.0773,7.7342,-1.1816,-7.5966,-4.4931,-3.2108,-0.74551,4.3846,5.6736,-0.16355,1.2204,-5.426,-2.2578,0.80579,-5.861,-5.4387,0.65932,-0.34703,-3.1557,-1.9797,-2.8528,-4.3703,-1.8102,2.7145,-1.5048,2.0436,2.6957,-3.498,-1.1444,-2.9201,4.9576,3.6514,-3.2185,-5.3409,-1.513,1.0173,-3.98,-5.3787,-3.3101,2.7152,-0.080734,-4.8793,0.21925,-2.746,-1.8848,-2.2773,-3.8248,-7.5018,-3.6777,-0.91179,-2.4751,0.41177,-4.7272,-3.3914,0.064351,-1.3708,-6.6123,3.571,1.5799
-16.559,-1.5287,-5.9875,-11.292,1.1492,-13.08,0.70558,15.216,8.6259,5.192,2.2412,20.796,-13.239,-16.778,-2.882,-14.457,0,-4.9506,-11.607,17.5,-8.4244,-13.082,-6.7,-13.481,-11.335,16.663,-16.998,26.101,-16.733,3.3156,21.686,26.035,-13.57,-1.6055,-10.603,-21.388,-1.2057,-20.81,22.572,5.6229,14.756,-20.83,-6.7026,-4.5713,-14.009,-5.3863,6.9801,6.9717,29.179,13.107,-1.0723,-9.7997,-11.812,-8.9071,-16.468,-5.004,-3.5011,9.5322,-15.301,11.853,-19.496,23.811,-14.231,19.502,-7.2954,-0.38735,10.429,-0.21969,-7.5486,18.534,10.897,16.896,18.033,-1.1366,2.1908,22.024,28.231,19.859,13.673,4.109,3.704,5.7606,0.69397,12.415,7.3104,4.4746,2.5362,13,12.316,11.113,6.2998,9.7808,18.278,4.0776,9.7939,26.42,15.706,-4.9789,2.6574,-5.321,5.8029,-6.1354,-2.0642,-1.5204,-8.2051,-4.2776,-14.55,3.4323,2.0777,11.885,-0.60581,0.19098,2.3437,-3.8783,-2.6411,1.3404,-4.1646,-1.7853,-2.9445,1.9761,-2.9514,-6.0333,-0.97489,3.3049,2.0905,-4.1175,-9.3208,-4.4571,-3.8547,2.5859,0.34144,-1.1149,-5.514,-0.26555,-2.2566,2.1458,1.1096,-2.1412,-6.6405,-0.97787,-1.8341,0.99284,-4.0575,3.1005,0.20331,0.26038,-2.3202,2.6185,-4.2157,-2.8658,-4.5984,-4.3242,0.63483,-1.799,1.0289,0.30849,5.0448,-0.79517,1.4124,1.5478,-2.1418,0.43883,1.1857,-5.5992,-4.089,2.0358,-1.0925,-2.3874,0.24109,-0.20876,-3.8501,-4.1151,-2.0041,-1.4531,1.259,2.4485,-3.2385,0.22391,0.05635,0.88701,1.7443,-3.5302,1.3061,-1.8381,-0.13709,-0.48023,1.2301,0.84731,-3.6908,0.20258,-0.40872,-0.25948,1.3878,-1.5237,1.7472,-1.7144,0.69267,2.4093,-0.16458,0.30789
7.1099,37.36,-5.157,0.38989,29.24,12.579,20.08,0.77706,-0.5803,2.7406,38.95,-2.0112,-2.005,2.0928,-1.0878,5.9501,-4.9506,0,12.912,-5.0386,10.893,15.935,-1.1164,15.111,-2.5235,-1.606,1.228,-2.7021,0.62952,15.567,-1.286,-3.1861,0.58941,-4.3131,7.1977,0.9018,3.596,1.6241,-1.5737,-0.63578,-2.8906,7.3936,28.467,-1.3333,-0.11914,-0.98577,-3.4311,-0.10038,-3.9905,-1.5883,-1.1265,0.28623,6.0895,0.52681,0.43335,0.58889,20.135,0.42856,-4.8356,-3.0837,0.33161,-4.6633,-0.13287,-0.82112,-0.14332,-3.0802,1.444,0.7527,2.5945,0.52307,0.3564,-0.39618,0.161,3.6773,-3.2275,-4.092,-1.8956,-1.351,-3.2185,1.5317,-3.1676,-0.057577,-0.75392,-0.19729,2.5239,-1.3719,-0.0064765,-1.8018,-2.6181,-1.011,-1.9468,-2.9034,-3.2724,-1.1509,-2.0772,-2.3181,-2.4486,0.74838,0.57012,1.787,1.8157,1.5686,1.6944,-3.6492,0.66557,0.84991,0.41076,-0.80087,-0.07086,-2.7241,1.0725,1.2701,-2.0668,-0.5529,0.16538,1.9685,2.7381,-1.3526,-2.4657,-0.56531,0.80651,0.24498,-0.13802,2.361,-0.39152,0.61414,2.4151,0.44328,-1.2997,-1.1624,1.6359,0.19904,0.11122,-0.77258,-0.63875,-1.163,-1.5282,1.3696,1.9446,1.0387,-1.3094,-0.37058,1.6532,-0.81383,-1.1408,-1.0318,0.50142,-2.3626,0.94298,0.85972,2.3237,2.903,-1.1352,0.4683,0.077905,-0.51766,-1.6727,0.11804,-1.5087,-1.1237,-0.0090558,-0.56292,-1.7981,0.91669,0.13695,-0.48464,0.15495,-0.61661,-0.56314,-0.50173,-0.94499,-0.49503,0.14539,-0.69019,-0.21116,-0.62721,-0.55114,-0.54222,-1.2695,-1.4806,0.14373,1.9844,-0.64224,-0.8087,-1.4624,0.67827,-0.37407,-0.070624,-1.4557,-0.43262,-0.96261,-0.26235,-1.9082,-0.93071,-0.55163,-0.71858,-0.17603,-1.0485,0.19902,0.31418
44.834,-4.9314,-9.4798,39.883,-8.715,52.589,31.485,-7.0677,-5.6705,-4.8143,2.2371,-12.463,3.6453,2.2534,8.2051,58.33,-11.607,12.912,0,-5.2488,36.376,35.64,-6.575,40.525,-2.7254,-5.452,10.984,-10.685,15.364,7.7226,-7.2106,-7.7248,26.105,3.5773,24.731,24.623,23.709,-0.10148,-13.173,-7.0669,-12.437,24.249,15.466,13.291,10.837,11.69,0.077815,-9.1233,-20.295,-13.428,11.979,15.398,22.881,14.862,13.164,8.1978,17.265,-4.5127,9.0508,-12.917,16.569,-13.502,5.7141,-6.7401,-0.98896,3.2703,-1.8777,-8.9117,-9.1494,-11.01,-16.693,-14.84,-10.874,-9.2764,-12.968,-9.2226,-14.585,-13.838,-13.456,-5.2672,-14.62,-6.3971,-1.7425,-11.259,0.62129,-11.349,-12.995,-7.3506,-13.076,-8.3637,-7.2087,-9.468,-14.857,-11.25,-3.3686,-7.9496,-9.7961,3.0383,-5.6911,-1.4538,-13.532,-3.965,0.87204,-1.1777,-1.1246,-1.0056,3.55,-2.5209,-0.26242,-6.1322,-0.58494,-0.90205,-6.8758,-3.9055,-2.4033,1.3653,1.4224,-6.2236,-4.7325,-3.2783,0.73788,6.4481,-6.7229,-4.5017,-1.9474,2.3468,-1.8771,-3.7074,2.5704,-4.7044,-6.5949,-1.1044,-2.5214,-2.269,-4.7753,-4.7712,-3.2565,2.7505,4.8192,-5.202,-2.6798,-2.9665,8.8685,0.68611,-5.8241,-4.4695,-3.9143,0.70169,3.2289,3.4983,2.5776,-1.0869,-2.2296,-1.7782,-2.607,-3.7736,-5.8437,0.89541,-1.0011,-3.3481,-2.2747,-2.4172,-2.4119,-0.26658,1.8547,-1.8758,1.2903,2.3083,-1.4201,-1.5402,-3.0013,4.51,2.3004,-4.9551,-4.9962,-2.361,0.68892,-3.1715,-4.1303,-0.27248,2.791,-0.81594,-3.2495,0.30779,-3.1116,-2.5633,-1.6556,-3.0065,-4.6283,-2.6281,-1.1096,-1.4425,0.81931,-3.4529,-3.3747,-0.14854,-1.2021,-5.0013,0.23134,1.0913
-9.1451,-2.4142,7.5242,-8.6223,-2.1022,-10.385,-0.072698,16.352,-19.377,-10.753,-0.73799,31.169,-24.728,-36.34,6.3146,-7.4999,17.5,-5.0386,-5.2488,0,-8.2843,-3.8017,-1.6791,0.20274,-13.883,14.217,-13.014,20.768,-16.948,3.7885,8.3438,33.631,-7.0667,5.6163,-4.3542,-8.708,4.6171,-13.764,42.112,-17.384,26.361,-16.062,-2.892,5.0274,-11.112,5.657,20.445,-4.8546,17.884,-4.8627,33.208,-3.9172,-3.6963,-4.2614,-6.8168,4.0057,-0.33043,7.1987,-14.312,15.486,-0.44426,14.053,-9.3367,8.921,-22.045,28.327,-9.5211,1.2153,-13.909,7.2713,5.4449,0.1299,5.1091,-1.1654,-0.57185,22.004,4.5572,4.4208,-1.7215,-9.5748,0.71011,9.1827,-0.81864,-0.29357,7.9007,-1.8605,-5.432,21.337,5.6732,-2.5021,-3.714,0.96597,8.5332,17.935,3.7983,11.247,5.6014,-10.72,-6.2965,-10.276,-1.9,-13.421,-5.3572,5.5058,-12.951,-10.15,-11.079,3.8092,0.0058334,5.8507,3.5823,-2.9775,-4.3382,-13.827,-6.9162,-6.6562,-9.999,-4.8167,-5.8534,1.6067,-5.377,-5.6019,-3.6515,10.659,-3.2416,-5.9864,-7.8335,-6.5047,-1.3367,0.37304,-5.1323,-3.2385,-6.3388,-0.62624,-4.4373,-6.934,-3.7179,-6.5001,-6.0203,-3.714,-3.6425,-0.66132,-4.2291,-0.58306,-1.9621,-6.7408,-2.002,17.751,-7.4174,-1.3976,-9.5934,-8.2885,-3.6597,-1.4408,-2.8655,-1.9214,4.7862,-0.56381,0.0054185,-0.88943,-3.1924,-1.379,1.3525,-4.7716,-4.1724,-1.3215,-1.5678,-2.543,-3.8601,-0.64433,-4.1543,-6.3691,-1.1257,-3.6346,-2.2981,-0.15952,-0.31314,-2.1162,-3.832,9.4831,4.9707,-4.2974,0.74685,-3.3253,-0.81229,-5.116,-2.0185,0.78322,-5.1568,-1.4072,-2.0202,-0.6972,13.034,-1.1088,-1.3127,-1.9329,0.58999,-2.2627,1.3732,2.527
35.612,5.8061,-5.5893,32.543,-3.5893,39.345,17.15,-4.8065,-0.61068,4.4457,1.9286,-8.7412,4.8501,6.3228,2.3269,39.128,-8.4244,10.893,36.376,-8.2843,0,35.537,-1.9441,16.422,-2.7586,-1.7057,4.2588,-7.1036,8.5015,19.251,-3.679,-9.4334,12.241,-2.095,13.442,14.205,12.904,0.5918,-7.5936,0.012498,-7.5628,13.767,13.549,6.0617,8.8756,6.2567,-3.2976,-2.0675,-12.269,-6.6408,5.5628,6.5371,11.072,7.9382,4.0098,3.5724,13.104,-2.5803,2.4382,-8.3637,9.9282,-7.7354,1.1009,-4.5295,0.68195,-5.1695,0.6115,-6.7783,-1.7413,-5.4935,-9.265,-10.233,-6.5859,-2.9935,-7.635,-9.6849,-9.8895,-11.423,-9.4063,-2.6772,-12.464,-4.4564,-1.529,-6.2345,0.28285,-5.9189,-4.6598,-5.5731,-9.4194,-3.2474,-4.6231,-7.8414,-8.3951,-9.8017,-5.6808,-7.4566,-5.7238,2.3319,-1.7866,-1.6187,-7.0535,-1.0449,1.8476,-6.3565,1.5345,1.1651,1.8501,-2.0545,0.52433,-5.1525,-0.76326,-1.8049,-5.6738,-0.67718,-0.49322,2.8867,4.0697,-3.3104,-3.2135,-2.277,-0.70351,3.4559,-3.2936,-2.2279,-1.2176,1.5522,1.1986,-2.527,1.7616,-2.1815,-0.83336,0.61883,-1.3687,-1.6992,-3.4576,-2.7366,-2.6617,0.93182,1.2674,-1.6196,-1.7666,-1.4009,5.0546,-0.69814,-3.8294,-1.1909,-2.175,-2.9309,3.3698,3.2925,1.7738,3.254,-3.2915,-0.2361,-0.40273,-3.2805,-2.8898,0.76258,-1.3903,-1.6345,-0.69101,-1.3911,-2.8932,-0.030907,1.4652,-1.1869,1.3152,1.8416,-1.4123,-0.203,-1.5576,2.8263,1.4535,-3.0239,-2.3554,-1.0451,0.059973,-2.0403,-2.8596,-3.67,1.6022,1.5694,-2.5099,0.11696,-0.85747,0.54251,-1.3379,-2.219,-4.094,-1.5821,-0.24322,-1.3051,-1.9545,-2.8704,-1.5606,-0.13832,-0.87153,-3.1902,1.7888,0.5156
29.504,3.9053,-2.5007,30.152,-12.771,34.028,18.673,-4.7249,-2.7678,-4.665,-2.6773,-9.1808,2.7395,1.07,7.3351,41.211,-13.082,15.935,35.64,-3.8017,35.537,0,1.3017,24.034,-0.031433,-2.9538,7.5388,-7.4767,7.664,15.353,-11.108,-9.0971,17.654,4.044,17.706,15.437,20.383,3.0399,-8.2309,-4.744,-8.1408,15.706,15.517,11.574,10.341,12.436,0.38724,-5.8547,-12.041,-6.544,8.2692,8.4172,15.923,9.9793,4.5541,9.1854,15.947,-3.5846,5.5508,-7.9504,11.787,-8.6017,4.819,-5.2553,-4.8256,3.387,-4.1315,-5.148,-2.5523,-6.0164,-9.7763,-13.837,-7.4357,-2.5523,-6.2964,-7.9111,-13.22,-12.48,-10.082,-5.2025,-9.987,-5.6661,-1.6401,-10.031,-0.68892,-6.278,-7.0347,-3.5385,-10.902,-6.6712,-5.7897,-7.7571,-10.474,-6.6779,-3.7453,-10.662,-9.4894,-0.41436,-3.3772,-1.3838,-9.9739,-3.5318,1.4498,-2.3184,-0.89211,-0.62167,4.1743,-2.8096,-0.041361,-6.0875,0.27991,-2.2917,-7.9639,-3.0014,-0.89782,-0.33315,1.0092,-4.6223,-3.2663,-3.5519,-0.86315,4.0768,-3.6493,-3.0366,-2.7729,1.2922,0.31468,-4.2583,1.8554,-1.3587,-4.1079,0.54703,-3.0262,-1.318,-3.9714,-3.8572,-4.1721,-1.381,3.8954,-4.0297,-2.3331,-2.3283,5.1857,-1.9334,-5.2108,-1.6326,-2.3944,1.9761,2.048,3.3786,-2.2545,-0.95579,-4.7846,-0.38463,-2.0387,-4.011,-4.7042,0.72513,-0.84486,-2.7134,-2.4552,-2.4325,-3.6594,1.078,0.8,-2.1836,1.3314,2.6278,-2.7947,-0.41161,-1.9187,2.5295,1.6607,-4.6699,-3.9444,-1.4255,0.13043,-1.9476,-4.0311,-0.44786,2.1647,-0.74613,-3.3777,-0.43934,-1.4592,-0.57328,-2.6884,-3.8298,-5.2864,-3.0753,-0.31397,-1.1209,1.7751,-3.2553,-3.2248,-0.28475,-1.3809,-3.6621,2.2984,1.0894
-2.8745,0.7632,19.251,-5.9324,0.488,-7.622,-8.6728,-5.314,24.765,6.5308,-3.2149,7.0796,-8.7705,3.1305,1.1171,-2.5349,-6.7,-1.1164,-6.575,-1.6791,-1.9441,1.3017,0,-3.0489,24.927,21.983,21.395,4.1372,-11.639,6.8365,-13.069,-20.646,0.022328,2.9032,7.0214,-1.7897,-6.4547,28.279,-4.713,12.543,2.3521,2.4781,1.8267,-3.3351,-4.9025,-1.7374,-10.72,23.986,17.719,22.412,2.0058,-1.9318,-3.4095,-9.6132,-6.4264,-1.0724,-3.0892,-12.166,-2.894,31.457,-2.5906,21.623,0.79579,14.678,-5.6364,12.068,-18.781,-11.399,8.261,3.4149,0.59445,0.70757,-1.027,20.594,23.506,-1.5342,-8.2988,-1.3444,2.8704,-5.0962,4.0907,-1.3534,-1.0547,-4.7569,-9.8578,9.7333,10.077,11.907,-1.0075,4.2645,9.7281,7.3729,-2.2627,7.2572,1.1897,-8.4426,0.58818,-5.8925,-4.2172,1.8913,-0.44742,3.1749,-3.4933,-5.6543,-0.10838,-2.8149,-0.6195,0.68136,-0.11782,-2.5699,2.0494,2.0326,-2.8574,-3.538,3.1207,-4.5294,1.779,0.44266,1.0989,-0.31266,0.15269,-4.0981,1.2573,2.752,-6.2415,-0.81856,-3.0001,-1.9221,-1.3404,-1.5218,0.63966,-0.53597,-1.6204,-0.58353,0.013794,-4.3969,-2.6853,-3.7884,-0.077875,-0.99349,-1.67,-0.60861,-6.9607,-4.7602,-2.1692,-1.4914,2.5278,1.3635,-3.026,0.78469,-6.2151,-0.43022,-3.6271,1.0399,3.2974,-2.0401,1.6474,-0.45863,0.00048666,-0.69948,0.0022229,-0.85657,-1.8488,0.86308,-1.8576,-1.1213,0.89037,-0.66126,-2.1273,-0.11568,-1.7214,-3.1335,-0.56983,1.9388,-0.9621,-2.9096,-1.2076,-1.3285,-2.4549,-0.38515,-0.89007,0.70441,-2.4526,-2.0545,-1.3751,-0.16156,-2.3209,-2.1749,-1.6217,-2.2254,0.82885,-1.2885,1.3867,-0.718,-1.461,0.21368,-0.39843,-1.9725,0.7677,1.9421
27.673,7.8177,-8.9449,24.118,3.5947,35.692,40.114,-2.2335,-7.2581,-10.565,10.924,-13.834,5.4484,-1.4575,6.7729,41.008,-13.481,15.111,40.525,0.20274,16.422,24.034,-3.0489,0,1.0175,-7.3925,19.081,-4.9211,10.54,-1.1002,-8.4134,-4.6433,27.912,7.235,39.112,28.931,24.671,5.2542,-13.761,-9.1194,-13.714,33.461,21.271,8.3102,3.4727,9.3074,3.722,-10.626,-16.154,-9.6508,11.001,13.449,32.18,9.183,17.143,7.8788,20.83,1.1596,6.8608,-7.232,18.52,-9.9815,8.1885,-7.5787,-1.2909,10.549,-2.5477,-6.6284,-8.8091,-11.836,-13.752,-14.925,-13.119,-4.8129,-11.181,-8.6199,-15.624,-11.844,-15.259,-6.1209,-11.472,-4.8156,-2.0596,-12.534,0.10258,-9.9469,-9.8925,-6.7551,-11.897,-11.582,-6.4747,-9.0496,-16.78,-7.7191,-2.4004,-10,-10.079,2.5255,-5.7273,1.461,-11.943,-2.396,1.4977,0.98809,-2.5631,-1.651,3.2843,-2.6321,-1.1075,-6.4103,1.4216,0.87112,-6.422,-5.4053,-4.6106,0.58452,1.2483,-5.3329,-4.2801,-3.1785,0.50161,3.3491,-4.1159,-3.1253,-4.227,1.0001,-1.9736,-3.2871,0.52063,-4.7993,-6.1567,-1.0107,-1.7659,-3.0529,-2.6194,-5.3957,-3.2951,1.0741,8.6585,-5.6143,-2.5676,-2.7392,8.2715,-0.16012,-5.7868,-3.6086,-2.6186,1.1256,0.77999,3.4764,1.0556,-1.2352,-4.282,-2.7859,-0.84171,-5.5213,-4.8197,1.1087,0.25853,-3.2319,-2.8216,-2.988,-3.2412,-1.141,1.9631,-2.1666,1.2351,0.46542,-2.0725,-0.91338,-3.6589,3.9915,2.1341,-3.4535,-4.9366,-2.3658,1.0797,-3.6017,-5.0503,-0.97962,3.1441,-1.8544,-3.7059,-0.8702,-3.8794,-3.6673,-1.7251,-3.2068,-4.5974,-3.6399,-2.2347,-0.82988,1.9997,-3.8995,-3.5606,-0.29481,-0.76738,-6.1772,0.096488,1.7021
-2.692,-5.2233,18.64,-5.7081,-3.6828,-8.1989,-7.2647,-10.814,17.501,0.12856,-3.4944,-18.6,22.515,16.055,-1.9614,-0.021349,-11.335,-2.5235,-2.7254,-13.883,-2.7586,-0.031433,24.927,1.0175,0,-1.3164,34.019,-4.8131,2.6625,-3.6534,-12.485,-19.994,21.562,19.439,9.7739,10.737,-3.2866,29.308,-16.97,14.876,-14.056,20.186,-0.32375,0.51252,8.4342,-3.4391,-8.8,4.339,-3.4232,6.2859,-12.511,-3.0029,12.416,-8.7744,6.2385,-4.9625,-1.7413,-4.4449,16.439,7.9037,6.1354,3.9695,0.20153,0.48764,2.641,-1.1796,-8.0072,-7.0657,10.2,-4.7297,-5.1018,-1.8797,-4.7674,2.632,9.7802,-10.147,-7.9257,-6.4978,0.4548,-3.6369,-2.6937,-5.091,-0.46217,-0.43553,-3.629,2.2662,6.1385,-4.1789,-3.3762,-0.5075,5.192,-1.5517,-8.9705,-5.0269,-1.5933,-11.892,-5.1947,-1.2448,-0.29712,7.9912,-3.2325,12.681,-1.4395,-1.9663,9.0549,4.6728,2.9851,-3.6481,-0.49503,-4.0956,-0.77893,3.9157,1.3245,8.0988,2.8607,2.4055,2.5722,2.6538,7.4567,-2.0943,3.2701,1.5942,1.7463,-4.8351,-1.4915,2.3744,-0.89425,-0.93013,-0.6221,1.5609,-0.70812,2.348,0.61186,0.18646,-0.028557,2.4555,-2.0221,-0.93214,6.9841,-0.6937,-0.74859,-1.5937,0.034297,-0.94646,-1.9793,5.3675,-1.8696,-5.5174,-1.2331,-0.82878,-3.2108,-1.2505,-2.8493,3.7247,0.84629,-2.8535,-0.013876,0.0061104,-3.4858,-0.75327,-1.0538,-0.81039,-2.4044,1.6956,-1.3113,-0.39216,2.2919,2.1679,1.2999,0.8573,1.1876,2.1588,-0.058899,1.4001,-1.8257,-2.9992,-1.1338,-0.66939,-1.0812,-4.2861,-4.2499,1.4304,-4.5544,-0.84307,-0.46183,2.8887,-2.5772,-4.122,1.1103,-1.2593,0.11809,-1.1604,-4.0035,-0.73745,-3.3612,1.5725,-1.5466,-2.1959,0.88696,-0.96987
-5.6125,-0.57222,11.929,-5.7197,0.88055,-8.6288,-4.1828,-2.221,25.978,16.756,4.5344,12.156,-22.259,-10.879,0.74233,-4.7727,16.663,-1.606,-5.452,14.217,-1.7057,-2.9538,21.983,-7.3925,-1.3164,0,7.6742,5.422,-16.073,8.9157,9.7531,-5.5159,-11.836,-1.7648,1.4642,-11.136,-4.104,0.87869,14.732,-3.4458,10.699,-7.2282,-0.346,0.24267,-10.984,-1.4723,-1.9953,26.957,23.679,6.9531,12.389,-2.4536,-6.312,-10.034,-16.977,-1.8292,0.45926,-3.5046,-12.275,31.014,-4.7075,22.616,-7.6201,34.699,-8.4585,6.9999,-14.499,-18.463,-3.4845,3.3404,5.1477,10.486,4.2228,13.102,11.214,10.66,2.574,11,4.7199,-2.6674,-1.8258,5.0516,-1.0848,1.5503,-0.54732,4.905,1.3231,19.721,-4.0989,12.087,11.888,3.7219,4.5584,7.8305,5.4359,11.812,16.842,-6.7639,-3.0693,-1.1073,1.4091,-1.0167,-6.4867,-6.1644,-9.8649,-6.0705,-10.679,1.9522,1.4103,8.5666,0.57301,3.7218,-2.4805,-7.147,-3.2421,-3.1967,-1.68,-5.2217,-4.17,1.7997,-4.6276,-5.4704,-6.2747,5.5783,-3.9254,-5.4601,-4.0878,-5.2604,-4.6542,-1.7772,-0.15075,-0.44351,-5.6206,-0.87438,-3.0401,-5.755,-2.7302,-5.0167,-7.9914,-1.7668,-2.0717,-0.63987,-7.0855,-3.5883,-2.546,-2.0368,-0.1188,5.0587,-7.914,-0.84656,-7.4383,-0.18736,-2.3997,-2.8768,3.5909,-1.3449,2.6654,0.87767,1.2287,-0.012016,-2.1788,0.059862,-1.1098,-5.2088,-3.4352,-1.0222,-1.2563,-2.3948,-2.2867,0.6367,-3.822,-3.1775,-0.90029,-3.9923,0.84811,-0.70207,-2.5468,-1.7826,-3.1031,0.3813,3.9478,-1.5187,0.55278,-3.6446,-0.021839,-2.2873,-0.53503,-0.94584,-3.9332,-2.4163,-1.0639,-1.1988,3.5933,-2.19,0.22361,-0.70195,-0.096803,0.8896,2.1472,1.5151
