0,-2.9375,-3.8921,51.586,-4.9676,52.607,11.282,-6.2294,-6.5879,-0.78044,-6.7955,-11.655,3.7126,7.6025,11.502,57.6,-15.328,6.6544,46.691,-6.5512,39.613,34.037,-2.8139,28.264,-3.9595,-3.2997,13.466,-10.94,20.432,17.287,-5.3861,-14.057,20.302,-2.4314,13.469,25.484,10.056,2.8979,-9.4552,-3.4942,-8.5811,15.453,14.802,9.2209,14.08,9.9001,-8.0384,-3.3953,-24.582,-11.586,26.527,15.923,13.973,19.407,7.4068,6.7862,11.046,-7.6126,8.2503,-9.5819,26.085,-7.3032,5.9795,-6.0502,7.1774,2.0488,-1.203,-10.781,-5.1434,-11.034,-15.839,-17.841,-15.249,-4.164,-14.149,-16.652,-21.692,-19.217,-18.436,-10.288,-16.587,-4.8668,-2.7277,-12.251,-0.97854,-13.73,-9.4964,-6.7245,-14.743,-8.5207,-9.1246,-14.37,-17.036,-11.654,-11.561,-18.372,-9.3508,2.1021,-4.3558,-6.669,-10.168,-4.1092,-3.3227,-7.4567,-1.3134,-0.40196,-1.3159,-2.3025,0.28638,-9.5636,-3.8541,-5.4623,-8.4031,-5.922,-5.6828,1.9234,-0.035952,-6.1464,-8.8696,-2.6025,-0.49928,3.7792,-5.9326,2.2779,-5.7597,2.2547,4.8126,-2.0195,0.72182,-9.7675,-2.1236,1.1938,-0.27648,-2.0306,-2.6893,-11.807,-5.2785,0.003002,-1.0195,-2.3733,-3.9132,-1.5556,2.7404,-3.1035,-5.9888,-6.6226,2.0865,-0.99922,4.9887,7.6412,0.93186,8.3806,-5.2427,-4.1319,4.276,-5.2441,-3.3568,1.1386,-2.6611,-2.2474,-0.22101,-2.2485,-5.6629,-2.3504,4.9887,-1.7278,1.3668,2.4509,-3.5619,-4.0359,-3.8792,3.9373,3.1585,-1.6813,-3.4141,-3.3098,4.3544,-3.2585,-6.0979,-5.1041,5.0137,3.1916,-2.6134,-0.38192,-3.29,-3.365,-1.6152,-2.052,-5.8165,-3.497,-1.7843,-0.54178,1.5788,-3.3007,-2.5231,0.86047,0.25305,-7.2349,1.8337,2.8406
-2.9375,0,-11.296,-3.7036,36.07,6.2801,19.714,8.0694,-1.6704,3.7558,43.118,7.3367,-9.1562,-4.3924,-3.0884,-3.8109,-2.5296,42.049,-3.2241,-1.836,5.5776,4.4201,-0.53798,10.432,-7.8151,-1.0545,-3.02,3.0449,-6.3275,13.779,-0.84622,0.93183,-7.7951,-6.3295,6.5788,-8.9001,4.1778,-2.5309,5.7875,-0.44846,4.0406,4.1207,37.846,-2.4884,-7.0505,-1.4822,-0.96118,3.4602,3.0402,4.5014,-1.6736,-3.1761,2.5451,-3.5631,-6.8841,1.493,24.861,2.5672,-11.447,-0.37685,-7.2611,-2.0764,-0.3592,1.6883,-2.0597,-0.6536,3.2221,5.6717,4.3991,7.6223,7.3409,0.081027,2.2563,10.197,-0.25847,0.5338,2.5592,0.83378,-0.93935,2.1315,2.0702,2.2882,-0.59614,1.6648,1.3627,1.6983,4.2032,2.6543,0.73442,0.89018,-2.9378,-1.8555,2.565,2.3232,-2.6334,-0.55878,-0.1358,-1.5568,0.70423,-1.1983,4.7897,0.76988,2.2576,-2.7376,-2.7168,-1.5802,-2.8832,-0.32582,0.16787,-3.0091,4.0249,-0.21693,-2.0142,-1.8874,2.08,-0.80362,2.1171,-1.2363,-4.9616,-0.10743,0.54704,-1.6262,2.9595,4.9302,0.64097,-1.9102,3.9354,0.81429,-1.905,0.60935,4.5874,0.035897,0.59848,0.27109,0.24545,-4.1481,-1.3142,-1.3379,-1.0052,2.7276,-1.9147,1.9497,-0.85361,-2.5784,0.37302,-2.6538,3.3531,-1.0934,0.45568,2.2179,1.4486,3.5293,-0.48247,-0.15271,1.34,0.57981,0.23356,0.30366,-1.352,0.19182,0.011664,0.24895,-2.4037,-0.89717,-0.95813,0.43979,0.38113,-2.615,-2.2509,-0.3225,-2.4562,-3.618,0.27513,0.21074,1.4196,1.0695,-0.61949,-0.52659,-0.69692,-1.5799,-0.8053,1.712,0.15553,-0.7864,-0.85116,1.1429,-0.13399,0.30152,-2.6453,-1.4751,-1.5423,-0.43756,-0.53156,-0.083107,0.43709,-1.4376,0.24633,-0.0040094,1.3788,2.1597
-3.8921,-11.296,0,-12.012,0.21526,-15.075,-17.759,-22.539,15.93,10.66,-3.414,-10.385,13.062,18.431,-4.689,-6.8621,-6.4942,-6.2274,-8.755,3.9773,-5.6997,-2.6119,21.995,-7.4619,23.176,11.797,13.471,-0.4642,-10.515,-3.4404,4.2472,-22.325,11.45,-0.090206,2.0989,17.046,-12.321,14.358,-2.2234,9.5834,0.96434,1.4722,-4.5623,-6.8068,3.6342,-7.2923,-14.501,2.2304,2.4966,-7.2302,9.9689,-7.0752,-10.007,-8.9175,-0.89878,-7.9218,-0.33797,-8.9092,1.6974,18.284,20.462,20.265,-7.8947,11.911,-5.7626,-7.1395,-12.891,-14.13,4.4194,-8.342,-0.10647,3.4284,-1.9523,1.9669,8.5051,-6.4435,-8.1801,-1.6611,0.22248,-1.7488,-0.91949,0.54293,-0.3437,-0.76866,-3.3151,4.6801,1.4369,7.3195,-2.8166,4.4808,11.619,2.8142,-3.6273,4.8858,1.0302,-6.0157,7.4255,-0.89454,2.2178,8.4952,-0.36423,6.5386,-4.4517,-6.9849,5.7527,4.1138,-2.855,-2.1297,1.8285,10.702,-3.4044,5.1767,0.52745,1.9536,-3.0399,3.8628,1.0767,2.4772,11.998,0.4319,-1.0257,-3.2907,2.3731,-0.0071785,-2.0871,0.43529,-2.2907,-2.1493,-5.763,1.5251,-1.74,-0.069917,0.12855,1.2554,0.34163,3.9885,-1.9358,-0.41563,0.44257,0.91706,-0.16994,-2.4328,-3.2114,-2.1424,-1.9396,3.8498,-3.1147,0.56461,-3.6751,-2.8985,-4.9926,-2.1553,-1.6841,-1.7098,1.9504,-2.4583,8.1342,-0.92153,0.55657,0.28392,-1.0827,0.36235,-0.96877,-1.5753,-3.4106,0.81092,0.17815,-1.0363,1.7332,-2.0507,1.2727,2.5992,-2.8704,0.64818,-0.006086,-3.3746,1.124,-0.69723,-1.2923,-2.6129,-1.5534,1.5129,-2.1112,-3.3929,1.5197,0.77065,-0.23182,-2.709,4.9556,-0.36522,3.0296,-0.22182,-0.49422,1.1406,-3.4285,1.8954,-1.664,-1.5513,-0.32069,-2.3227
51.586,-3.7036,-12.012,0,-20.841,46.21,16.867,-2.3423,-5.5542,-6.4186,-12.974,-12.331,5.0674,1.3326,13.512,48.469,-9.5942,-1.0916,41.347,-5.9686,34.6,34.079,-6.4628,23.479,-5.5767,-3.502,6.5444,-4.3764,14.853,-2.4835,-8.5195,-7.0773,21.492,5.1812,20.206,18.006,28.379,-3.8319,-10.031,-3.0136,-13.431,19.726,2.6016,16.113,14.408,18.904,7.2064,-4.6735,-18.809,-5.9691,11.891,14.205,14.941,20.167,9.2229,15.406,-1.7629,-1.6294,12.062,-13.003,18.885,-11.609,10.788,-6.4348,1.4564,1.3455,0.43006,-6.8651,-9.6963,-7.0064,-15.33,-17.891,-11.613,-5.6309,-10.593,-7.9789,-11.363,-16.71,-13.364,-7.6403,-14.835,-7.5184,-1.6373,-11.135,1.9671,-9.7286,-10.867,-5.8565,-12.043,-6.991,-8.9784,-10.291,-12.704,-14.012,-2.9341,-10.373,-10.747,-0.26154,-7.2586,-7.1188,-14.553,-7.425,2.2487,0.18031,-4.6528,-4.9168,3.5556,-2.9379,-0.025341,-7.7099,0.79659,-5.7116,-8.6792,-5.6413,-0.39379,-2.1861,1.6127,-8.7549,-6.6155,-4.4828,-2.0581,5.2341,-5.5729,-6.6182,-2.6311,0.86499,-2.4071,-6.1586,4.2048,-2.0561,-7.2693,0.84357,-4.3834,-2.2681,-5.0488,-6.5125,-3.5663,-1.6782,3.2221,-6.8851,-3.815,-2.8926,7.5741,-1.6544,-6.157,-4.0765,-4.9154,-0.0075331,3.6452,4.515,0.48918,-2.8131,-5.6103,-3.1889,-1.9072,-5.3663,-6.0132,1.394,-1.0257,-3.3632,-3.155,-2.5786,-3.7477,-1.9705,2.0347,-3.1403,1.6644,1.9146,-4.3075,-1.3792,-4.8783,3.9198,3.3863,-5.8316,-5.6182,-1.3403,0.89409,-3.1259,-4.1898,-2.8746,1.9468,-2.6919,-4.0098,2.0419,-3.2473,-2.3687,-3.1014,-5.5107,-9.6054,-4.6512,-1.7854,-3.2067,0.70326,-4.1412,-3.7657,-0.1647,-1.8409,-3.3343,4.1715,0.47206
-4.9676,36.07,0.21526,-20.841,0,-5.6129,6.4342,0.60261,2.5555,10.378,44.382,5.0275,-6.6712,4.1155,-8.1487,-17.291,1.3926,32.688,-10.965,-2.035,-5.0825,-15.757,1.0507,3.0002,-5.5439,1.4131,-3.1416,-0.98758,-4.6977,13.374,6.5233,-1.614,-11.392,-13.51,-5.549,-6.2432,-18.033,3.2669,4.9538,-0.45151,4.9293,-5.109,30.066,-12.706,-6.8617,-11.659,-11.737,4.7555,4.6433,0.10502,-2.2031,-3.7707,-8.4987,-5.3115,-4.2322,-8.2103,26.398,-0.3361,-12.368,3.9762,-2.7368,2.4502,-5.096,3.4488,4.069,-4.5029,2.2479,1.7215,6.7357,3.3164,9.2224,8.7159,5.5271,7.8476,2.2202,-0.06755,3.5443,7.1824,4.3617,4.0631,4.527,5.4027,-0.37239,4.8357,2.1801,2.0516,5.4526,0.53887,3.2869,3.7991,2.9697,2.2089,2.3689,6.2284,-0.75109,3.4316,5.182,3.1694,5.1717,4.1119,10.761,5.024,1.315,-6.8867,2.3231,1.7467,-3.6901,0.90607,0.10129,2.2954,-0.19702,2.9992,2.5129,-0.022972,-0.52696,4.2804,1.1815,2.8406,-1.3204,2.4658,3.1923,-2.4484,3.8947,9.7832,-0.85802,-1.0347,5.6013,5.6246,-5.3685,-2.0592,7.0393,-0.18812,3.5547,0.97612,3.6903,0.51812,1.2123,2.6923,-1.3424,6.3178,0.85826,1.9389,-5.1168,-0.17258,2.2835,-0.98903,4.9355,-4.5475,0.49881,-0.73533,6.0474,8.0808,2.2023,-1.4008,3.4428,2.5799,2.253,-0.85618,0.080975,1.6121,2.1738,0.79891,1.2098,0.49925,0.24513,1.4204,-1.7771,-2.0766,1.7262,-2.423,2.5417,-2.9471,-1.5726,3.1393,3.2496,-0.33823,0.82064,0.70968,-0.40654,-3.1582,-0.61262,4.4335,2.3959,-1.5426,-0.58767,1.1524,3.1635,3.7909,5.11,2.5215,-0.26657,1.5829,-2.8554,1.1905,1.5258,-0.54402,1.3553,-0.30326,-3.1873,0.15699
52.607,6.2801,-15.075,46.21,-5.6129,0,33.031,-2.712,-7.1841,-0.68398,-1.1069,-10.579,1.6693,4.4046,7.032,53.862,-12.407,12.574,53.285,-7.9364,41.343,36.996,-7.7216,35.407,-9.5696,-6.7112,12.068,-8.111,13.212,12.173,-3.045,-8.4232,22.952,-2.1217,21.861,21.309,20.813,-1.7166,-9.7589,-4.339,-9.6692,23.667,15.709,7.8203,8.1608,10.514,-4.5505,-3.5059,-20.648,-8.2365,13.319,11.205,18.924,13.216,8.3196,7.7461,12.879,-4.9204,3.52,-13.01,16.086,-10.166,6.1022,-6.7974,3.4439,-1.1901,2.0671,-6.6846,-4.9038,-7.0927,-12.832,-13.781,-11.351,-3.1483,-14.45,-12.116,-14.344,-13.828,-16.421,-4.7059,-13.27,-4.9748,-2.3142,-9.4405,0.68881,-10.214,-7.4012,-7.8453,-10.998,-8.6645,-9.4273,-10.88,-12.724,-11.834,-8.5557,-11.914,-5.8715,1.8039,-4.3585,-4.8547,-7.8024,-2.5154,-0.34496,-3.6656,-3.4458,-0.76081,-2.2739,-1.3804,-0.51579,-7.4003,-1.062,-3.0274,-8.457,-6.1888,-3.987,3.493,3.3648,-7.4006,-8.1991,-2.3068,-0.42329,3.059,-2.9947,0.80956,-2.5871,2.0421,3.3519,-1.7649,-0.25253,-7.9344,-1.6259,0.43348,-0.23154,-2.3599,-3.6951,-9.3709,-4.5315,1.9718,2.1634,-2.1704,-4.5856,-1.3712,5.1455,-3.1767,-5.2184,-6.0216,1.078,-2.575,3.8215,7.5952,3.0872,6.7323,-3.9136,-3.1267,0.50616,-4.2722,-4.3945,1.8271,-3.3897,-3.2579,-0.92626,-2.1395,-5.2013,-1.7838,4.7851,-2.1003,1.3056,1.0318,-2.4051,-2.918,-4.7006,2.7917,2.7639,-4.0743,-3.3047,-2.8131,2.5687,-3.1397,-5.2693,-3.6956,4.0919,1.2748,-2.3193,0.1823,-4.5105,-2.7471,-2.1737,-1.5759,-7.2938,-3.9251,-2.7247,-1.2671,0.048042,-3.4253,-1.8403,-0.19398,-0.16735,-5.1298,0.15547,2.0973
11.282,19.714,-17.759,16.867,6.4342,33.031,0,5.2739,-3.7935,-6.0132,17.541,-1.0333,-4.8984,-6.5033,2.1447,25.444,0.76463,20.503,30.706,1.055,15.702,19.924,-8.1676,40.612,-7.3679,-3.2547,9.8645,4.3054,-1.5342,6.0307,-3.2951,3.1371,17.815,6.0624,32.299,4.8777,20.56,-6.4524,-2.6884,-10.862,-5.6138,27.897,20.824,2.8927,-5.8629,6.9176,4.7379,-4.9363,-5.5589,-1.4836,0.33355,2.0173,23.544,2.4444,0.13514,5.9669,19.843,1.7154,-2.0356,-5.4114,-0.51584,-6.8345,3.2414,-1.8532,-3.6801,3.5257,2.9428,-1.7916,-5.4941,-0.37624,-6.0229,-6.2749,-2.7245,-0.93526,-7.1761,3.1158,1.2045,-3.2099,-5.6973,-1.5561,-6.8585,-1.7033,-0.69471,-3.3482,5.7617,-5.3741,-4.6466,-1.1809,-4.2418,-4.467,-3.6542,-2.9564,-5.0039,-5.5014,3.9349,1.1079,-3.8999,1.5197,-2.3104,-0.55466,-4.1319,-5.1542,4.4182,0.18124,-5.9494,-6.1575,0.03099,-0.60636,0.31796,-2.7526,3.6756,1.1725,-3.2978,-6.9731,-0.43778,0.51679,2.5636,-6.0811,-6.2114,-1.2256,0.95743,1.5396,-2.8284,-1.7825,-1.4468,-0.8883,-2.4464,-3.3346,-0.082289,-1.6139,-3.3439,-1.5271,-3.1379,-1.8332,-2.2214,-2.4715,-1.064,1.1639,5.8641,-3.5588,-2.2394,-1.4445,6.4529,0.96275,-3.2244,-3.9384,-1.6616,-0.035025,-0.095773,1.1401,1.9724,-1.9531,-2.0413,-3.8399,-0.61634,-1.2577,-3.1538,0.72362,1.8187,-2.0014,-2.9054,-0.78062,-1.5087,-2.3765,-0.72668,-1.5384,0.12292,-1.1476,-2.0818,-2.017,-3.178,0.048951,0.79829,-2.6071,-2.8842,-0.20962,-1.078,-1.8502,-2.88,-0.5319,1.4206,-2.3433,-2.1058,-0.77776,-3.346,-1.9889,-0.95495,-3.26,-6.3783,-1.8283,-2.2241,-1.5008,0.29877,-2.7424,-1.9579,-0.75174,-0.45099,-1.3666,1.0454,0.029531
-6.2294,8.0694,-22.539,-2.3423,0.60261,-2.712,5.2739,0,-19.132,-14.779,-0.64336,20.88,-21.754,-28.563,5.0345,-2.2059,14.636,0.18304,-5.0948,17.983,-4.802,-2.8932,-4.0384,-0.21447,-10.601,-1.6041,-13.024,36.883,-9.7895,6.0028,0.4229,38.799,-8.8809,5.8366,-1.811,-15.015,3.4948,-10.809,23.303,0.347,9.2588,-12.808,1.8196,4.795,-7.8609,6.3132,32.779,3.0452,11.616,22.119,4.524,-2.061,-3.8255,1.0478,-1.4529,5.9159,-4.0516,20.212,-11.414,5.2435,-12.505,5.216,15.354,-3.7241,3.6362,26.558,17.525,19.751,-6.3695,12.499,5.3779,-2.427,7.5841,5.5663,2.0567,13.667,15.775,0.25877,1.7807,-5.1849,3.7681,2.6082,-0.86322,1.3044,6.2617,0.83081,4.1895,6.71,13.064,-5.365,-7.1392,-2.9925,4.0662,3.9271,4.8809,3.4631,-6.9526,-6.4299,-5.8395,-11.113,-0.50855,-9.2419,6.6657,4.0727,-6.8677,-11.855,-1.2729,2.0258,0.31108,-9.2428,11.116,-5.3148,-2.346,-10.735,5.6849,-7.5397,-7.6609,-3.1363,-11.272,-1.8267,-2.7573,-3.4947,3.2639,4.2524,-3.4644,-6.3687,-4.4319,-1.9777,2.1135,1.1862,-0.22976,-3.9434,-4.1593,-1.0964,-2.5735,-5.0175,-2.1288,-5.5716,-1.9414,-3.7757,-4.3107,1.4703,-4.6454,1.0909,-1.5425,-4.2132,2.7108,4.1206,-2.2598,0.080814,-4.2244,-3.9521,-4.039,-0.2234,-0.55654,-0.95693,-2.3757,-2.2412,-0.044899,0.19442,-1.4412,-0.8078,0.42651,-1.3574,-1.2447,-0.19565,0.91904,-3.328,-4.1604,-0.24309,-3.2359,-6.5983,0.4374,3.2208,-3.7864,2.0499,-1.7428,-0.17821,-1.764,5.4028,-1.9082,-3.3221,0.087912,-0.29815,-0.49667,-2.9734,-2.9614,0.84549,-7.0672,-0.061036,-1.08,-1.6624,3.0164,-1.7929,1.0994,-2.9401,0.33282,-2.7426,-0.85993,-0.26606
-6.5879,-1.6704,15.93,-5.5542,2.5555,-7.1841,-3.7935,-19.132,0,16.067,3.7702,-8.9357,11.7,21.454,-5.3194,-6.2605,9.1141,-1.1089,-6.3847,-20.462,-2.2315,-4.8829,23.057,-6.95,16.716,27.063,21.209,-4.3106,-4.3338,0.12141,8.313,-29.67,-4.4367,-2.6354,4.0251,-5.5827,-6.5022,18.374,-20.511,20.634,-12.705,7.2647,-1.8399,-8.5143,-9.6705,-7.7399,-15.525,24.102,14.432,11.662,-18.858,-1.4031,-2.8376,-11.266,-4.8233,-8.5575,-0.78412,1.6742,1.5156,22.353,0.77695,22.518,-2.6047,27.793,11.322,-17.023,-2.5027,-16.745,8.4544,-4.2739,-1.1984,14.29,0.24808,8.3428,13.215,-6.1728,2.5858,10.765,8.8581,6.6184,0.9869,-3.0043,-0.20736,4.6594,-6.4994,7.9179,7.3252,3.4012,-3.494,14.999,18.142,8.0182,-1.1842,-5.508,4.04,8.2581,15.05,3.2497,4.0323,11.203,3.6672,12.789,-1.8585,-8.0093,3.7364,3.5273,-1.815,-1.5098,1.269,6.645,-4.8471,10.027,3.1404,8.6934,0.55626,2.5496,5.7329,1.6818,5.7405,-0.57749,3.8566,-2.7629,-0.00091551,-8.0267,0.45906,-0.52489,-2.9516,-1.1148,-3.8404,0.32079,0.12989,2.396,-1.0563,-0.53938,2.7003,4.7563,3.1958,2.0439,2.6461,0.98703,0.07869,-2.1176,-0.3981,-1.3848,-0.87883,5.0078,-1.4846,-6.0461,-2.2254,-2.566,-0.8026,-1.003,3.2189,-2.1523,5.4238,0.84267,1.2514,0.18955,1.9905,1.2823,-0.86878,2.1703,0.97858,-2.4896,-3.0802,1.708,-0.081173,-1.1544,1.5259,-0.88358,0.80003,0.43094,-1.0056,0.10896,1.8472,-1.5444,-3.4933,0.36494,0.31754,-6.4516,-1.6743,-0.67198,-1.6093,-0.89893,-0.44262,0.95404,2.5581,-2.7664,3.5615,-1.0569,-0.08584,-0.039617,-6.7007,-1.4145,-0.38239,1.5527,-0.8309,2.6124,0.64075,-1.0601
-0.78044,3.7558,10.66,-6.4186,10.378,-0.68398,-6.0132,-14.779,16.067,0,7.3113,4.1255,3.4762,27.181,-14.35,-6.7539,2.0945,4.3029,-5.9015,-12.912,4.4021,-7.4208,6.38,-10.966,-0.66199,16.722,0.52075,-2.1794,-3.6671,5.5828,22.813,-21.554,-13.286,-23.482,-4.2712,1.6843,-15.878,-3.3109,9.4711,10.774,8.9266,-1.1676,2.2999,-15.567,-1.4749,-16.511,-18.927,32.099,2.1173,-4.8097,4.9031,-7.2513,-11.689,-12.872,-5.2068,-20.041,3.0279,-7.2461,-12.429,4.9153,10.009,7.4125,-17.008,9.1502,11.066,-30.375,9.0227,-7.9627,4.1815,-2.0711,4.5619,10.973,5.1068,5.538,3.913,-8.5819,-0.22425,6.2028,3.0528,6.77,-2.3311,2.5082,-0.36543,6.1894,-0.41163,2.0478,7.187,2.5175,-2.6943,13.065,6.5473,3.1408,5.9391,-0.6466,-3.6963,7.221,17.906,6.7511,8.467,2.3448,7.8153,8.6118,-3.0437,-16.806,5.3418,6.1869,-7.8438,0.17371,2.0669,9.9281,-7.5874,2.7871,-0.36961,4.5251,0.72033,7.9878,6.4619,3.5027,2.6522,2.8797,0.97064,-1.2418,6.8647,2.5111,2.4511,-0.80189,7.5813,2.1582,-3.8838,-3.57,7.3275,2.1592,2.0746,1.5815,0.75222,2.5514,0.27106,6.6222,-6.1605,5.2873,1.263,1.0456,-3.4701,-1.9744,1.0215,-1.5375,3.3099,-11.752,2.1841,-1.2499,1.6146,11.548,3.1166,-2.2964,4.178,1.2012,4.4366,-0.63926,-0.23189,1.4537,1.5113,1.4209,2.1619,-3.7908,0.021814,2.8034,-1.7318,-1.5569,2.6707,-2.7223,3.3793,-0.70847,-2.1588,-0.99446,4.3409,-1.3928,0.3135,1.2335,-0.13527,-9.5841,0.48745,4.4423,1.8122,-1.1736,0.76982,1.7433,3.0619,2.2097,4.7573,0.45264,0.68687,0.53284,-8.7369,0.58029,1.352,1.0304,-0.30403,1.3091,-3.6557,1.7233
-6.7955,43.118,-3.414,-12.974,44.382,-1.1069,17.541,-0.64336,3.7702,7.3113,0,1.9207,-5.651,-0.84281,-5.5555,-9.8279,2.1666,40.949,0.48179,-0.37199,0.37569,-4.0495,-3.632,11.332,-6.1026,5.1703,0.16142,-3.6141,-4.5089,6.1609,6.8836,0.11257,-6.0924,-7.7589,4.8093,-5.3669,-1.5548,-0.027442,3.0127,-2.2466,1.0424,3.8696,34.561,-5.6831,-7.3409,-5.5087,-4.1562,2.4231,3.9735,-2.649,-2.9971,-2.3432,4.1635,-4.6165,-3.3708,-3.3661,33.492,-0.077841,-9.6458,1.3972,-3.3714,-2.6419,-6.2944,5.6095,-1.6651,-4.5755,-0.0071397,-1.3368,0.79395,0.89639,3.1156,6.2005,5.7343,3.1959,-3.0096,1.7152,3.8943,6.7546,0.93706,4.9022,-0.10163,2.8752,-0.3178,3.8808,3.8854,-0.27559,1.3812,0.58383,-1.0834,1.9932,1.6665,1.415,2.232,1.2432,1.4964,6.2341,5.8969,1.831,1.4884,4.4373,3.0088,3.679,-1.5038,-2.3478,0.024057,0.62373,-1.8901,1.4856,0.70218,3.6858,-1.3543,2.9558,-0.42909,1.7425,-2.019,2.885,2.5119,-1.192,-0.59377,0.87662,-0.051109,-2.3546,-2.5575,3.5747,0.94967,-1.4778,2.1485,0.89143,-2.7994,-2.0192,2.6098,-1.2651,-0.33269,0.31377,-0.72363,2.6087,0.632,1.9453,-0.55025,2.2839,-0.61031,-0.0084935,0.5941,-1.1531,0.58583,-0.161,1.0225,-0.89493,-2.4636,-0.76361,2.2889,4.1098,2.1339,-0.98617,-0.25251,1.3855,-0.72702,-0.2465,-0.88306,-0.52004,-0.55526,0.3761,0.77785,-0.63692,-0.037684,0.20023,-0.88667,0.17727,0.61203,-1.2645,-0.31608,-1.1938,-0.45384,-2.0322,0.12921,-0.47408,-0.040686,0.61779,-0.031355,0.11073,1.3319,0.67157,1.6827,-0.88323,0.17835,-1.255,-0.72917,1.2961,0.48278,0.78094,-0.10104,0.2951,-1.0826,0.45641,0.10763,-1.6204,0.19053,1.6858,-2.1626,-1.2098
-11.655,7.3367,-10.385,-12.331,5.0275,-10.579,-1.0333,20.88,-8.9357,4.1255,1.9207,0,-29.972,-25.573,-1.8264,-13.453,19.845,-0.63344,-11.313,26.363,-7.7655,-9.8266,6.4504,-12.364,-19.343,8.7565,-20.596,20.024,-13.02,8.5641,1.4225,22.827,-20.458,-1.9055,-12.585,-21.687,-3.8694,-10.759,41.24,-9.4222,36.747,-20.424,-0.15945,-3.1346,-10.885,-2.3472,5.7012,9.4592,27.347,16.541,20.381,-3.8173,-11.09,-5.5405,-14.783,-3.399,-2.7715,-7.3229,-16.924,10.845,-21.467,10.139,-6.7387,4.476,-15.564,19.725,-5.2678,7.3015,-6.3001,17.551,9.2314,4.7279,11.841,8.4473,8.8258,21.008,9.4687,9.7479,9.2048,-3.5034,11.644,7.4077,0.017632,-1.2611,-4.1915,4.556,3.15,24.033,10.35,1.5213,-1.0332,9.2615,16.053,15.443,4.4494,11.299,2.4612,-5.2174,-2.4868,-8.9813,2.9191,-13.473,0.70948,-1.0165,-7.7581,-9.0726,-7.0013,4.5989,1.4923,0.39302,2.9767,-2.6034,-1.2796,-9.5117,0.69165,-5.5311,-5.502,-2.593,-7.3459,2.7579,-1.8266,-5.205,0.79003,11.321,-1.2375,-4.3285,-3.0444,-1.8933,-0.10547,-0.30797,1.0425,-3.0722,-4.0023,1.5863,-2.2597,-5.9201,-0.99437,-2.3854,-6.3464,-1.0485,-1.9079,2.6147,-6.6526,1.7743,0.38195,-4.4519,3.9676,8.5506,-3.4616,-2.7354,-4.471,-5.2806,-1.1779,-0.71791,-2.2619,2.8157,2.6394,-2.5052,-0.57062,0.22079,-1.1727,-0.72351,1.5187,-2.6418,-3.1898,-0.031118,-1.2834,-4.3797,-2.3577,-0.35738,-3.354,-7.5569,-2.2052,-0.028193,-0.82894,1.8132,-2.2002,0.23612,-0.964,7.2794,1.8099,-3.1832,1.9493,-2.0584,0.18013,-1.5662,0.72165,2.3269,-2.8133,0.74908,-1.2185,-0.48276,7.3056,-0.23273,1.7597,-1.5928,1.2948,-0.54818,-1.0975,2.7285
3.7126,-9.1562,13.062,5.0674,-6.6712,1.6693,-4.8984,-21.754,11.7,3.4762,-5.651,-29.972,0,30.028,-4.6958,6.0976,-12.338,-4.5166,1.6849,-21.743,3.146,1.8794,-3.1819,3.6262,25.964,-18.353,20.444,-15.414,25.729,-15.723,-2.1961,-16.729,21.138,6.3302,8.0491,23.063,1.7469,17.451,-27.61,15.138,-26.189,26.695,-4.2715,-5.3436,21.707,-3.5596,-10.837,-11.306,-16.077,-7.4637,-19.576,2.2783,13.035,5.2909,20.192,-6.7762,-1.3969,4.2478,26.447,-11.396,20.636,-8.241,-1.3725,-9.5334,13.425,-18.067,2.6519,0.12852,7.0205,-12.41,-9.6645,-1.4638,-7.0995,-11.96,-5.0646,-20.054,-8.6499,-8.7428,-6.512,2.8822,-7.0225,-8.51,-0.090507,2.0111,-3.3331,-4.8321,-0.04303,-19.317,-7.1992,-2.8012,-0.64317,-6.05,-10.634,-11.169,-6.3494,-8.5932,-5.2128,7.421,4.1065,7.9526,-3.3089,12.238,-3.6454,-1.2267,14.436,14.785,9.236,-5.4325,-1.4024,-2.8363,-10.82,2.6768,1.8137,17.561,-1.1538,6.9902,3.6699,5.3333,12.833,-3.0127,4.7583,4.1041,0.4639,-13.338,4.7759,4.3681,1.1937,2.1944,3.0224,0.79993,-1.1723,3.484,4.9471,-2.2047,3.9259,8.5753,3.4069,4.4491,5.3692,0.66376,2.6211,-2.5625,8.4571,-1.0873,-0.027515,7.1562,-5.0419,-8.9903,3.6283,-0.86619,0.77053,2.8545,0.50976,3.277,0.10482,-3.8246,-1.6133,1.8949,-4.1103,-0.45584,0.64909,-2.1822,-0.41866,1.9132,3.3053,-0.80663,0.7343,4.1462,3.4812,-0.25181,3.536,6.7076,1.133,-0.26066,-0.77828,-3.6394,-0.082145,0.76419,0.17842,-7.4163,-4.6762,2.5474,-2.6555,0.49529,-2.1087,1.9768,-1.7518,-3.198,4.7225,-1.9649,-0.26024,-0.035393,-8.1992,-1.3648,-2.0839,1.3009,-1.8734,-0.68194,-1.213,-3.8741
7.6025,-4.3924,18.431,1.3326,4.1155,4.4046,-6.5033,-28.563,21.454,27.181,-0.84281,-25.573,30.028,0,-9.0597,2.1598,-16.902,1.7129,0.57165,-34.366,5.5918,-0.71142,4.4271,-3.0554,16.06,-7.3866,13.34,-16.347,15.728,-6.3856,9.4895,-40.005,5.5258,-12.179,-3.6943,10.73,-12.766,10.812,-25.997,23.727,-11.682,12.861,0.18987,-10.329,10.998,-11.569,-20.409,7.6423,-20.067,-5.963,-17.652,-2.3545,-4.1665,-1.3534,12.024,-14.175,1.1586,-3.7612,12.372,-4.5535,23.898,6.0012,3.4978,-4.6063,30.207,-34.429,16.66,-7.8105,11.871,-14.715,-3.995,1.7592,-5.6659,-3.1631,-0.44491,-24.948,-9.0662,-5.754,-2.0359,10.517,-4.0296,-5.9953,-0.49592,2.5337,-3.0497,2.3416,4.7226,-14.008,-6.9567,8.7048,6.9806,0.56533,-7.4422,-9.1317,-7.2312,-6.7124,5.3379,12.322,8.869,7.6274,4.6488,13.838,0.49579,-11.354,15.871,14.097,6.5781,-3.8718,-0.50151,3.7624,-10.357,3.2858,4.6595,13.23,2.3882,6.8685,7.7081,10.085,10.809,-1.0655,3.795,2.3804,7.4681,-8.1838,2.2359,4.6635,8.901,5.8158,-0.84676,-1.9108,4.0236,3.4408,7.6874,-0.21974,4.0693,8.325,2.4808,7.5718,2.0034,3.8721,3.3533,-0.88126,2.0545,-1.1767,0.87278,4.9279,1.0606,-15.619,4.9963,-0.42044,4.5848,10.014,3.6439,-1.4321,6.2186,1.1689,0.41628,-0.15144,-0.42315,0.89935,2.2377,3.5477,-0.52159,1.3117,3.1911,1.2935,-0.28235,3.5269,3.8348,-1.5845,5.2108,4.4795,-1.4883,4.7065,2.4484,-2.6806,0.88682,1.2519,0.92679,-11.433,-3.4405,4.9876,-1.1106,-0.62579,0.04786,3.4835,1.3302,-1.0929,7.8753,0.72112,1.8208,0.31492,-11.206,0.14655,-0.36752,2.315,-1.4517,0.097674,-3.5578,-3.0251
11.502,-3.0884,-4.689,13.512,-8.1487,7.032,2.1447,5.0345,-5.3194,-14.35,-5.5555,-1.8264,-4.6958,-9.0597,0,13.925,-2.6681,-1.1689,10.542,4.7913,2.9905,9.9009,-0.39813,8.2132,-1.8831,-0.00635,4.6732,-1.3606,23.581,-3.8338,-8.6374,1.1637,7.7633,8.7782,0.98037,-0.66544,12.525,-0.82458,-2.0745,-6.4448,-3.1816,1.4188,3.4525,21.067,10.384,23.923,10.152,-6.16,-10.553,0.73553,8.5918,22.795,10.273,38.603,4.7326,21.376,0.42592,-0.68055,15.457,-2.8193,4.8344,-2.6259,16.217,-4.9344,-0.91334,8.832,-4.91,-2.1426,-7.9106,-5.6894,-8.7644,-11.857,-6.5217,-8.0871,-6.2054,-3.1341,-10.104,-9.8129,-6.7562,-10.583,-4.8743,-5.0915,-1.4981,-11.526,-2.8025,-6.847,-11.1,0.37483,-8.8607,-7.3671,-9.364,-7.0825,-7.285,-5.4652,-2.2821,-7.2315,-9.3873,-4.3365,-9.8313,-9.8033,-10.263,-10.053,-3.0362,5.5757,-5.7961,-5.1375,0.63122,-2.0022,-0.96179,-7.7807,-0.12631,-6.1122,-4.3305,-6.2462,-2.3423,-6.8259,-9.8605,-6.2472,-5.4863,-2.7769,2.62,0.72434,-5.2035,-4.4032,-5.4552,3.0043,-3.1917,-2.3709,3.8951,-2.954,-5.1965,5.4278,-4.3127,-2.0829,-1.2533,-7.3869,-2.319,-2.8022,0.7712,-5.1497,-4.3875,-1.6837,2.6449,-0.22609,-3.9279,-4.1676,-3.3937,5.8783,3.9707,3.3092,-3.6466,-1.2907,-5.2276,-1.7069,-1.8117,-3.8732,-5.4684,0.76357,-2.0312,-0.78349,-1.8214,-2.2095,2.287,-0.18339,4.1249,-2.3618,1.0497,4.6497,-4.266,-2.157,-2.3482,-1.0591,3.5511,-2.6265,-4.9616,-2.086,-0.4958,-2.634,-2.8474,3.643,3.1049,-2.3936,-2.7393,3.4576,-0.45677,-5.4039,-2.37,-2.7886,-2.8256,-2.0904,-3.0905,-1.6099,4.4075,-4.0142,-2.2568,-1.0965,-0.48274,-4.8447,1.7769,-0.0051079
57.6,-3.8109,-6.8621,48.469,-17.291,53.862,25.444,-2.2059,-6.2605,-6.7539,-9.8279,-13.453,6.0976,2.1598,13.925,0,-12.653,5.5722,60.054,-4.1118,40.398,47.817,-2.6359,40.944,-1.0448,-2.381,14.044,-6.5674,18.92,11.446,-8.1556,-9.3131,25.878,5.0238,27.08,27.591,25.28,2.4924,-10.816,-4.2803,-11.906,24.142,15.56,15.179,14.584,16.618,2.413,-7.8448,-21.389,-7.4973,19.982,17.593,22.803,18.007,10.271,13.099,11.209,-3.2767,12.183,-8.3979,22.758,-8.2938,7.7932,-5.0614,2.5021,5.4086,-2.8925,-10.372,-8.6046,-10.037,-18.645,-19.82,-15.823,-5.9106,-13.428,-12.379,-18.207,-19.774,-18.434,-11.156,-17.99,-6.9546,-2.6676,-12.676,1.0871,-12.914,-11.677,-4.5308,-14.852,-9.4501,-10.542,-14.767,-17.9,-14.005,-7.8319,-15.74,-12.282,-0.85099,-8.1339,-7.0314,-14.623,-5.9879,-2.4147,-1.8678,-4.758,-4.4798,0.046521,-2.8692,0.10503,-10.269,-0.29254,-5.6293,-9.1301,-8.0406,-4.9021,-0.92214,-1.7465,-9.3411,-8.5049,-4.3289,-2.6134,3.831,-7.5665,-3.5062,-5.6063,0.51954,0.60418,-4.5611,2.4671,-6.8939,-6.1668,0.66045,-2.8989,-2.8585,-3.8117,-11.006,-5.2062,-3.5936,2.0694,-6.3671,-4.8349,-2.8462,5.8334,-3.1911,-7.9924,-5.6535,-1.8551,1.866,2.4168,7.5486,-3.1479,2.4252,-6.8573,-3.0146,2.2109,-6.4475,-4.4215,1.5919,-1.9334,-3.5062,-2.5839,-2.7876,-5.9741,-2.7285,3.357,-2.4048,2.2539,2.7157,-5.1808,-2.6574,-5.1412,4.4954,4.0386,-3.8249,-5.859,-2.5831,2.2483,-4.4417,-6.4134,-2.9384,4.25,-0.29983,-4.3858,-0.40759,-3.8296,-4.0873,-4.1699,-4.2182,-10.025,-5.0207,-2.5599,-2.5878,3.0583,-4.8791,-3.9118,-0.26193,-1.0183,-7.4542,4.4254,2.1588
-15.328,-2.5296,-6.4942,-9.5942,1.3926,-12.407,0.76463,14.636,9.1141,2.0945,2.1666,19.845,-12.338,-16.902,-2.6681,-12.653,0,-5.0299,-10.295,17.641,-8.0942,-13.038,-5.5252,-12.293,-10.165,15.823,-16.562,24.77,-16.029,2.1018,18.223,24.756,-12.166,0.22881,-9.9719,-21.443,-0.026061,-19.061,20.791,6.2065,13.304,-19.462,-7.2783,-3.9022,-13.211,-4.1208,6.3639,5.9184,30.386,14.389,-2.1288,-7.6175,-12.103,-7.4425,-13.845,-4.0213,-3.4414,9.7566,-12.73,12.056,-19.53,22.109,-12.865,20.541,-7.6651,1.6475,11.382,-1.2704,-7.8084,17.336,11.222,15.575,17.811,-1.6382,4.4701,21.587,26.959,18.766,16.538,3.3936,5.9348,4.8094,0.46122,10.012,6.0587,5.274,1.994,12.598,11.952,9.7015,5.9604,9.6096,17.605,3.3968,10.936,24.814,14.159,-4.1174,2.0487,-3.6875,3.5166,-5.6769,0.33959,-1.5341,-6.5059,-4.1732,-12.107,2.5738,2.1027,10.741,1.1199,0.8324,2.1313,-4.1859,-0.99592,1.2301,-2.895,-0.88427,-2.6949,1.6624,-2.9179,-5.5558,-0.83541,2.4658,1.9632,-3.99,-10.47,-4.2577,-3.485,2.9746,-0.74136,-1.5225,-6.2804,-0.057657,-2.4298,3.1957,1.6044,-1.4547,-5.8029,-1.6638,-1.5386,0.71475,-3.9087,4.2391,0.082923,0.46259,-2.7924,2.3214,-3.4555,-3.7322,-3.4045,-5.8917,0.37173,-1.5146,0.28859,0.31747,3.9519,-1.444,2.2812,1.6493,-2.074,0.35276,1.799,-5.086,-4.3419,2.2987,-1.1415,-2.5452,0.39369,0.088685,-3.2617,-3.6809,-1.7951,-1.6142,0.66377,2.7072,-4.0458,-0.044298,0.1354,0.63545,1.3108,-3.9907,0.64997,-0.73806,0.46377,-0.011803,1.2857,0.44098,-3.2917,0.80008,1.0152,-0.59765,0.96073,-1.7286,1.3708,-1.6048,0.54874,2.1647,-0.3537,-0.10142
6.6544,42.049,-6.2274,-1.0916,32.688,12.574,20.503,0.18304,-1.1089,4.3029,40.949,-0.63344,-4.5166,1.7129,-1.1689,5.5722,-5.0299,0,11.652,-4.3861,10.414,15.267,-1.7059,16.161,-5.11,-1.2871,0.59687,-3.5748,-0.2005,15.158,-0.4282,-3.6396,-1.2906,-6.6476,6.3746,-1.7513,2.9435,0.6682,-0.23783,-1.9957,-0.78795,6.1329,31.853,-1.6469,-1.3672,-0.94508,-4.4277,0.31089,-3.1325,-2.153,0.049871,-0.16069,5.6595,0.13184,-1.811,0.47359,24.894,-1.1923,-6.4551,-3.5649,-0.13931,-4.4279,-1.5582,-0.27564,-0.70191,-3.1795,1.1984,1.1832,3.1826,1.2969,1.7724,-0.16015,-0.40204,4.2073,-3.4074,-2.7508,-1.4689,-0.30795,-2.7784,1.9727,-1.2838,0.76793,-0.71722,0.42181,2.2249,-1.1077,0.35719,-1.6322,-2.9699,-0.44253,-2.3882,-2.4405,-1.9512,-0.19345,-2.4972,-1.5494,-0.73424,0.59877,0.79994,0.81901,2.3471,1.6086,0.91733,-2.9588,-0.44763,0.45936,-1.219,-0.3341,0.1218,-1.7198,0.6716,0.50889,-1.8948,-1.0663,-0.54173,1.8777,2.3656,-1.451,-3.004,0.32683,0.60353,-0.595,0.32394,3.5968,-0.66566,-0.22085,3.9316,1.1677,-2.2228,-2.3236,2.7338,0.44051,0.81489,-0.43688,0.029274,-2.0554,-1.4571,1.191,0.90309,2.0831,-1.2355,0.22858,0.59698,-1.5215,-0.54262,-1.687,1.7491,-1.8733,1.1271,1.8151,2.6183,4.5642,-0.6322,-0.29709,0.65638,0.11174,-0.59214,0.4218,-1.6547,-0.64891,0.37386,0.036161,-1.9671,0.02174,0.50214,-0.087251,0.043034,-0.59705,-0.92766,-1.1717,-1.4172,-0.93246,0.3128,-0.51223,0.13684,-0.4956,0.1157,-0.3249,-1.468,-1.5411,1.0638,2.3426,0.087993,-0.78137,-1.5051,-0.10108,-0.11593,0.62755,-1.2482,-0.37593,-1.7426,-0.021434,-0.91952,-0.62572,-0.15912,-0.95638,0.22169,-0.78379,0.13606,0.95271
46.691,-3.2241,-8.755,41.347,-10.965,53.285,30.706,-5.0948,-6.3847,-5.9015,0.48179,-11.313,1.6849,0.57165,10.542,60.054,-10.295,11.652,0,-2.5165,37.414,40.403,-6.8297,40.787,-4.1364,-3.7199,12.36,-9.326,14.753,7.7657,-5.9109,-5.7733,26.56,3.8698,24.111,23.572,25.531,-0.055088,-10.606,-7.5196,-10.538,22.311,15.395,13.856,12.078,13.229,2.1539,-8.3501,-19.73,-12.176,15.574,14.438,24.383,15.243,11.049,10.365,16.415,-4.7107,9.2487,-12.119,18.697,-12.013,5.8028,-4.548,-0.45418,4.8011,-2.2969,-8.7108,-9.4579,-10.402,-16.933,-14.423,-12.186,-9.1091,-14.468,-8.8861,-14.237,-13.709,-15.399,-6.5945,-15.638,-6.3217,-1.8915,-10.675,1.4228,-12.422,-13.207,-5.7831,-13.33,-9.0846,-8.6502,-10.395,-15.202,-11.332,-4.2481,-8.0338,-9.3692,0.56331,-7.2858,-4.0275,-13.394,-5.5775,-0.72721,0.53931,-4.347,-2.9251,1.5621,-2.0941,-0.30119,-6.0302,-1.4035,-3.1149,-7.6316,-6.2273,-4.3928,0.17167,-0.27424,-8.6489,-6.7888,-2.8495,-0.2051,5.0015,-7.7515,-4.2567,-2.9916,1.6064,-1.5971,-4.8338,1.736,-6.0369,-6.5796,-0.96282,-2.8446,-2.2664,-5.1849,-6.5466,-4.1867,0.64022,2.8495,-5.4066,-3.8676,-2.7919,7.3421,-1.0006,-6.0357,-5.4832,-2.9595,2.8614,1.4003,4.7903,0.37345,-0.25401,-3.0262,-2.8033,-1.5358,-4.1354,-5.2218,1.6073,-2.4368,-3.4335,-2.8666,-2.311,-3.8685,-1.2944,2.4872,-2.4359,1.4057,2.3063,-2.8198,-2.8621,-5.0726,3.9342,2.6697,-5.3473,-5.5719,-3.1804,1.4595,-3.2884,-4.7809,0.113,4.1032,-1.2483,-2.6936,-0.45689,-4.42,-4.2764,-3.5399,-3.4561,-6.5889,-3.8901,-2.891,-1.5369,2.7948,-3.4919,-3.7831,-0.3762,-1.0607,-5.4358,0.68089,1.5687
-6.5512,-1.836,3.9773,-5.9686,-2.035,-7.9364,1.055,17.983,-20.462,-12.912,-0.37199,26.363,-21.743,-34.366,4.7913,-4.1118,17.641,-4.3861,-2.5165,0,-7.0763,-1.7318,-1.6826,3.5924,-11.98,11.283,-11.596,20.057,-14.801,2.811,7.7253,33.756,-3.9891,5.3517,-1.4839,-7.3251,7.0413,-11.724,37.583,-16.029,23.191,-14.138,-1.9214,4.9529,-8.8303,6.3252,21.571,-5.1945,15.905,-3.6595,29.269,-1.8711,-1.959,-3.8087,-2.5829,4.1924,0.0013134,10.667,-11.298,13.977,1.4704,9.4691,-5.9318,8.046,-18.927,28.931,-7.1155,2.2491,-13.77,6.7169,5.5695,-0.21061,4.6395,-1.5758,-0.69887,20.521,5.5069,3.3947,-1.725,-8.7886,0.98382,7.51,-0.50048,-0.90782,7.6783,-2.4865,-4.8214,22.063,5.1074,-4.4702,-5.195,-0.42232,7.16,13.964,4.9176,8.9838,2.6679,-9.0275,-6.3744,-9.1123,-3.708,-13.123,-1.3289,5.8461,-11.536,-9.66,-8.8044,2.9986,0.3011,4.0438,5.6366,-3.5534,-5.0055,-12.952,-4.1412,-6.4183,-8.792,-4.0413,-7.0276,1.8106,-5.6339,-4.3167,-3.0693,7.7261,-2.6271,-5.7347,-7.9631,-6.7646,-0.95133,0.59656,-5.5932,-3.8929,-6.5521,-0.28058,-4.5218,-5.8295,-3.7459,-5.061,-4.6643,-4.5073,-3.7688,-0.95414,-3.4505,0.4432,-2.2035,-6.301,-2.1153,15.557,-7.007,-1.8463,-8.3984,-9.3522,-4.042,-1.2408,-3.2069,-2.1233,2.177,-0.96324,-0.42212,-1.0242,-3.9164,-1.5219,1.2921,-5.0871,-3.5418,-1.4637,-1.5053,-2.6581,-4.0156,-0.96929,-3.5114,-5.6155,-0.81215,-3.7121,-3.6985,0.11294,-0.47733,-1.9271,-3.6318,7.2077,3.557,-4.8055,0.46928,-2.7683,-0.8405,-5.0714,-2.5994,-0.028311,-5.3263,-1.3466,-0.90642,-0.99446,11.203,-1.5581,-1.8023,-1.9188,0.39679,-2.5287,0.36495,1.3447
39.613,5.5776,-5.6997,34.6,-5.0825,41.343,15.702,-4.802,-2.2315,4.4021,0.37569,-7.7655,3.146,5.5918,2.9905,40.398,-8.0942,10.414,37.414,-7.0763,0,35.709,-4.1264,15.085,-5.1118,-1.3298,3.2209,-7.0309,8.2725,20.194,-2.6954,-8.7575,10.653,-3.6867,12.039,13.149,12.748,-0.46121,-5.4818,-1.3071,-6.4897,12.656,13.077,5.6924,8.2965,6.1973,-3.5203,-2.044,-12.243,-6.9083,7.9559,5.7338,10.899,7.7141,1.399,3.5134,11.618,-3.9228,1.292,-8.5717,10.717,-7.478,-0.21472,-3.5264,1.1151,-5.5417,0.46298,-5.8164,-2.0667,-4.5989,-9.0493,-9.4512,-8.3644,-2.2005,-8.6853,-9.1091,-9.3624,-10.665,-10.199,-3.2159,-11.759,-3.8251,-1.5826,-5.1944,1.3027,-6.7785,-4.7214,-5.2044,-8.8761,-3.145,-5.5815,-8.4917,-7.876,-9.0891,-5.8697,-6.8963,-4.6398,1.3789,-2.6016,-3.6842,-6.3983,-1.6114,-0.024879,-5.4941,-0.2543,-0.15167,-0.27498,-1.4639,0.41812,-4.7592,-1.5803,-2.888,-5.375,-2.1605,-1.8841,1.9679,4.0829,-4.6124,-4.3061,-1.5471,-1.2154,2.3129,-3.6653,-1.2189,-1.7686,1.083,2.1483,-2.5037,1.0376,-3.1737,-0.25967,0.96269,-0.7161,-1.4137,-3.3892,-4.0965,-3.1882,0.79449,-0.15579,-0.9967,-2.3781,-0.85054,3.7797,-1.4443,-3.1368,-2.4663,-1.2323,-2.2123,2.9528,4.1391,2.0551,4.7236,-3.2865,-1.0746,0.38765,-3.1638,-1.9234,1.0965,-1.9983,-1.5626,-0.55034,-1.1195,-3.4555,-1.2725,2.2491,-1.3442,1.1144,1.7047,-2.1025,-1.2778,-2.5787,2.2984,1.7523,-3.1146,-2.0221,-1.4195,1.16,-1.8807,-2.9233,-3.965,2.2104,1.7469,-1.907,0.53644,-1.4845,-0.52638,-2.0022,-1.9923,-5.0052,-2.2502,-1.7306,-0.99715,-0.89091,-2.6999,-1.4667,-0.071138,-0.58074,-2.9695,2.2201,0.68796
34.037,4.4201,-2.6119,34.079,-15.757,36.996,19.924,-2.8932,-4.8829,-7.4208,-4.0495,-9.8266,1.8794,-0.71142,9.9009,47.817,-13.038,15.267,40.403,-1.7318,35.709,0,0.15117,27.881,-0.57053,-2.4536,8.9946,-7.0404,9.131,13.142,-10.685,-8.0326,19.875,4.929,18.977,16.044,24.629,2.7115,-7.1949,-5.0046,-8.1655,17.14,16.578,14.282,12.2,15.839,3.1328,-6.5893,-13.414,-5.6951,12.046,9.4887,19.052,11.593,5.0356,12.466,14.959,-3.752,7.5688,-7.8488,14.922,-7.5868,5.7315,-3.8814,-4.3026,5.4579,-4.8909,-4.9507,-3.9561,-6.2205,-12.24,-15.31,-10.658,-2.8088,-8.3549,-7.798,-14.126,-14.059,-13.043,-7.4145,-11.116,-6.1094,-1.8065,-10.241,0.48601,-8.333,-8.5983,-1.901,-11.595,-8.314,-8.2224,-9.9355,-12.155,-7.4817,-4.7062,-12.174,-10.534,-2.6552,-5.3982,-4.1341,-11.708,-4.8137,-0.57518,-0.019819,-4.0066,-2.7139,1.8467,-2.364,-0.080922,-7.1503,0.37579,-4.3617,-8.7565,-5.1924,-2.6141,-1.8602,-0.34084,-7.109,-5.1748,-3.4976,-2.1165,3.1115,-4.9553,-3.3598,-3.7755,0.54772,0.094253,-5.6363,1.4176,-2.8194,-4.7061,0.20496,-3.3692,-1.6096,-4.4328,-6.6846,-5.4551,-2.8457,3.2175,-4.6719,-3.9157,-2.376,4.4754,-3.1692,-5.8972,-2.6634,-1.9001,4.1498,0.84781,5.2187,-3.905,-0.24328,-6.0195,-1.2879,-1.2051,-4.8308,-4.1132,1.5286,-2.059,-3.1892,-2.9083,-2.4619,-5.3111,-0.39759,1.5658,-2.7229,1.7862,2.8621,-4.5004,-1.6979,-4.1487,2.7932,2.2888,-5.0438,-4.6946,-2.4291,1.1675,-2.4378,-4.9916,-0.049315,3.5757,-1.1264,-3.502,-0.90152,-2.9636,-2.7112,-4.3064,-4.334,-7.4417,-4.4828,-2.0965,-1.2488,3.7943,-3.4766,-3.8363,-0.49111,-1.0954,-4.3833,3.1927,1.8789
-2.8139,-0.53798,21.995,-6.4628,1.0507,-7.7216,-8.1676,-4.0384,23.057,6.38,-3.632,6.4504,-3.1819,4.4271,-0.39813,-2.6359,-5.5252,-1.7059,-6.8297,-1.6826,-4.1264,0.15117,0,-1.3364,25.891,18.071,20.33,5.8038,-10.021,3.6803,-12.024,-20.76,0.32898,2.2992,7.3317,2.2186,-6.3613,30.482,-4.8519,15.757,-0.991,4.6239,1.3869,-3.9856,-4.6649,-2.4291,-10.947,22.398,17.413,22.963,1.2988,-1.9923,-2.9273,-9.2682,-1.5911,-1.7784,-3.3075,-10.479,-1.901,29.639,-0.13262,22.37,1.242,12.585,-4.8053,9.0903,-16.732,-9.1812,8.8888,2.7484,-1.4456,0.52277,-2.6716,17.219,22.438,-2.565,-10.571,-1.1298,2.7312,-4.6975,4.3086,-1.8786,-0.84628,-4.0215,-9.8344,8.7195,9.8047,14.516,1.0094,2.4144,8.3079,6.8122,-2.2835,6.0876,-0.5753,-10.322,0.10834,-4.8625,-3.5481,2.9063,-1.0032,5.5894,-3.7319,-4.7385,1.3309,-1.2245,-0.71737,0.59705,-0.14479,-3.6063,2.2323,2.6411,-2.5229,-1.5228,1.5767,-3.5108,1.3535,1.6615,2.4495,-0.48695,0.88982,-5.1258,1.7929,1.3697,-5.3693,-0.403,-3.098,-1.6533,-1.3378,-1.2593,0.38925,-0.28042,-1.0244,-0.23008,0.39863,-3.4667,-2.3715,-2.7598,3.1082,-0.83865,-1.811,-0.76506,-6.0812,-4.4782,-1.9161,0.13575,2.3709,0.53337,-1.9908,0.84271,-6.2395,-1.0835,-3.5022,1.7669,3.056,-2.1592,2.1833,-0.15848,-0.81302,-0.76249,-0.11167,-1.0624,-1.9966,0.25614,-1.3982,-0.79036,0.99616,-0.16836,-2.1834,-0.22572,-1.2488,-2.6861,-0.63279,2.1218,-1.3678,-3.0977,-0.8103,-1.1795,-2.2578,-1.1971,-1.933,0.30976,-2.1402,-1.2055,-1.5465,-0.82811,-1.8512,-2.2372,-0.79009,-2.4547,0.4308,-1.304,0.51222,-0.93582,-1.3874,0.40676,-0.19816,-1.939,0.14403,1.4898
28.264,10.432,-7.4619,23.479,3.0002,35.407,40.612,-0.21447,-6.95,-10.966,11.332,-12.364,3.6262,-3.0554,8.2132,40.944,-12.293,16.161,40.787,3.5924,15.085,27.881,-1.3364,0,0.92027,-4.8047,21.071,-3.4315,9.3104,-0.79139,-7.0425,-2.7626,28.188,6.9413,39.6,29.03,25.341,6.5794,-10.491,-9.2417,-11.044,32.062,22.936,8.3126,3.8306,10.536,5.5551,-9.6422,-14.264,-8.0866,14.843,12.21,32.187,8.9391,15.547,9.3282,20.982,0.94789,6.259,-5.4044,20.818,-7.8429,7.9116,-5.5041,-0.99194,13.386,-3.7548,-6.366,-8.4516,-11.154,-13.934,-14.792,-14.057,-4.0782,-12.53,-8.1335,-15.276,-12.219,-18.061,-7.0971,-11.638,-4.6385,-2.2255,-11.852,0.71042,-10.825,-9.3461,-4.6337,-12.209,-12.553,-7.6642,-9.8524,-16.944,-7.6482,-3.6739,-10.858,-9.6434,0.10565,-7.306,-1.2994,-11.859,-3.6703,0.036217,2.4211,-5.5228,-3.382,1.0817,-2.2729,-1.1165,-6.4435,0.98742,-1.1521,-7.46,-7.7138,-6.4287,-0.59065,-0.87607,-7.5844,-6.214,-2.6119,-0.30088,1.2906,-4.9233,-2.8779,-5.3594,0.2587,-1.3432,-4.5653,-0.78381,-6.0688,-6.2037,-1.1777,-2.1083,-3.0395,-2.9291,-7.3092,-4.7226,-0.99593,6.4851,-5.6934,-3.9502,-2.5837,6.1609,-1.7248,-5.991,-4.514,-1.0468,3.5145,-1.072,4.5112,-1.8379,-0.68641,-5.2153,-3.5813,0.44584,-5.7765,-4.1954,1.6588,-1.0529,-3.3998,-3.4697,-2.8251,-4.4738,-2.3283,2.2844,-2.7596,1.2748,0.11054,-3.6152,-2.2422,-5.7565,3.0066,2.2327,-3.9008,-5.3944,-3.3148,1.953,-3.7436,-5.6819,-0.5296,5.0736,-2.2442,-3.28,-1.8104,-4.716,-5.8099,-3.5841,-3.4622,-6.1472,-4.5624,-3.5776,-0.98769,4.2972,-3.9581,-4.0943,-0.59468,-0.38301,-6.6287,0.40725,2.623
-3.9595,-7.8151,23.176,-5.5767,-5.5439,-9.5696,-7.3679,-10.601,16.716,-0.66199,-6.1026,-19.343,25.964,16.06,-1.8831,-1.0448,-10.165,-5.11,-4.1364,-11.98,-5.1118,-0.57053,25.891,0.92027,0,-1.4425,32.624,-2.2841,2.3908,-5.6541,-11.033,-18.671,22.35,20.761,11.515,14.973,-2.4935,28.09,-15.777,16.72,-15.344,22.027,-2.8617,1.5488,8.4366,-2.4069,-6.714,2.4409,-3.3805,6.2064,-12.008,-3.7477,12.871,-8.03,8.9076,-4.2627,-3.5047,-2.5818,17.771,8.2971,7.9822,6.4371,0.40876,-0.25382,2.4105,-1.3181,-7.4459,-6.9951,8.3534,-5.7756,-6.5609,-2.7054,-5.9875,0.26277,8.633,-9.5938,-8.9734,-6.9201,-0.43409,-3.8474,-3.6047,-5.2639,-0.73735,-0.69999,-3.1301,2.1058,4.9163,-3.9035,-2.0763,-1.0385,5.1267,-1.162,-9.3504,-4.4737,-1.832,-11.364,-5.5735,-1.4576,-0.20038,7.7507,-4.0509,11.87,-2.8288,-1.0185,8.5356,4.381,3.2002,-3.6782,-0.53573,-4.111,-1.3945,4.4077,1.7435,8.0496,1.616,1.9176,1.4448,2.264,8.9643,-2.7001,3.4726,1.0926,1.3952,-6.313,-1.1447,2.5977,-2.6321,-1.5934,-0.5066,2.639,-1.9898,2.4323,0.54873,-0.4451,-0.16954,3.3897,-2.1184,-1.6203,8.5902,-1.7076,-0.63582,-2.0197,1.0812,-1.009,-2.1566,6.5469,-3.3244,-4.6738,-1.8065,-1.3382,-4.7037,-2.898,-3.096,4.2999,0.40948,-3.275,0.17475,-0.12457,-3.4805,-1.1326,-1.4228,-1.0053,-2.555,1.8969,-1.8135,-0.9922,2.2128,2.7086,1.3887,1.384,1.0673,2.1126,-0.22512,1.0775,-1.874,-3.1415,-1.0752,-0.90595,-1.2508,-3.4554,-4.6306,0.63029,-4.5355,-1.1923,-0.64701,2.4251,-2.2832,-4.5189,1.0306,-1.4819,-0.078206,-1.3618,-4.0865,-0.73645,-3.4526,1.8048,-1.7096,-1.8138,1.3082,-1.2898
-3.2997,-1.0545,11.797,-3.502,1.4131,-6.7112,-3.2547,-1.6041,27.063,16.722,5.1703,8.7565,-18.353,-7.3866,-0.00635,-2.381,15.823,-1.2871,-3.7199,11.283,-1.3298,-2.4536,18.071,-4.8047,-1.4425,0,7.3144,4.9753,-12.658,7.1159,11.225,-8.2353,-11.417,-2.2173,2.4403,-9.0689,-3.6272,1.5559,11.566,-2.1564,6.9529,-4.7624,-0.11733,0.82782,-9.1333,-0.685,-1.8361,25.911,20.148,6.0634,10.894,-0.035422,-5.7735,-8.3063,-13.085,-1.8899,1.0041,-1.3642,-9.5658,30.124,-1.2697,21.421,-4.4443,34.186,-3.9344,3.0776,-10.496,-18.577,-3.4545,0.72507,3.0681,9.6469,1.0863,10.841,9.9117,8.2375,0.63542,10.79,5.113,-1.5802,-2.1172,3.6267,-1.0657,0.86861,-0.63495,4.0998,0.42416,21.173,-4.346,11.326,10.643,1.7725,2.9595,4.0728,4.6889,10.438,16.19,-4.6812,-2.785,0.82662,-0.16051,1.979,-5.1704,-6.6889,-8.2991,-5.9823,-8.9048,1.3971,1.3828,7.6695,1.5917,4.8417,-2.2799,-6.3798,-3.3159,-2.8151,-0.84803,-4.6826,-4.0186,1.4287,-4.2183,-5.7679,-6.539,2.8667,-3.2758,-4.9134,-3.5754,-5.1521,-4.3622,-1.8467,-0.6256,-0.040201,-5.7657,-0.48574,-3.2223,-4.8573,-2.6739,-3.9029,-6.0909,-2.0046,-1.6398,-1.0946,-5.994,-2.8708,-2.4458,-1.5221,-0.31084,3.0612,-6.8998,-1.1383,-5.9575,-0.041517,-2.168,-2.7105,3.8965,-1.3656,1.6957,0.73443,1.7338,-0.079496,-2.4885,0.31665,-0.78522,-5.8839,-2.94,-1.0968,-1.3822,-2.1401,-2.0544,0.65097,-2.9277,-1.9276,-0.52681,-3.7108,0.21484,-0.44752,-2.5204,-1.9012,-2.9041,-1.3551,2.7793,-1.9143,1.0812,-2.0066,0.57034,-2.882,0.12483,-1.6393,-3.7837,-2.2528,-0.51639,-1.7853,1.9225,-2.6508,0.043944,-0.52145,-0.34193,1.3628,1.8944,0.80224
