0,-0.15723,-0.036111,-0.020728,-0.15697,-0.054767,-0.20332,0.10931,-0.030813,-0.15491,-0.069245,-0.15191,-0.051569,0.30212,-0.012067,-0.13099,-0.045088,-0.072319,0.04387,-0.15689,-0.1372,0.02778,-0.1092,0.59396,0.0048467,0.094864,-0.17585,0.24273,-0.025258,-0.067462,-0.10348,0.031151,-0.028346,-0.21462,-0.088537,-0.18792,-0.10403,0.30353,-0.17349,-0.21622,-0.082582,0.033241,-0.072437,0.026639,-0.1083,0.41465,-0.090771,-0.23649,-0.084272,-0.13901,-0.02572,0.11433,-0.21001,0.062074,0.18704,0.0371,0.082666,0.048103,-0.04567,0.022721,0.23384,-0.096792,-0.031176,-0.062828,-0.10283,-0.11569,-0.086961,-0.029844,-0.043249,0.17637,-0.24496,-0.015327,-0.12089,0.36487,0.022073,0.056988,0.28948,0.028069,-0.17061,-0.049284,0.045751,-0.11725,-0.19943,0.11632,0.27079,0.084364,-0.11692,0.36212,-0.021016,0.67919,-0.10402,0.18806,-0.18923,-0.0011898,0.33236,-0.11853,-0.032029,0.044245,-0.082544,-0.12102,0.12302,0.015787,0.01098,0.023009,0.012941,0.030022,0.03206,0.014271,-0.086694,-0.14168,-0.2082,0.041162,-0.004646,0.71244,0.16007,-0.14791,0.034051,-0.084995,0.12253,-0.011885,0.46803,-0.125,-0.04361,-0.11777,0.49326,0.30347,-0.077848,-0.0045636,0.049685,-0.013763,-0.15498,-0.25214,0.27441,-0.1739,0.025803,0.082939,-0.042105,-0.010509,0.095774,0.4793,0.58354,-0.027601,0.027532,-0.024877,-0.065835,-0.066959,-0.23458,-0.092663,-0.090541,-0.16028,0.395,0.018141,0.40322,-0.11836,-0.17726,0.49722,0.44341,-0.042542,0.17864,0.048383,-0.054567,-0.0024792,-0.16185,-0.024653,0.028932,-0.16485,-0.12024,0.18586,0.42759,-0.1987,-0.14268,0.23651,-0.069024,-0.036322,0.00079913,-0.054657,0.05714
-0.15723,0,0.23232,-0.13777,0.32667,-0.14359,0.023481,-0.090336,0.33658,0.038503,-0.23265,0.50884,-0.080398,-0.17884,-0.14408,-0.067033,0.31158,-0.19338,-0.0059009,0.18818,-0.1882,-0.18335,-0.27105,-0.14367,0.034894,-0.064766,0.13322,-0.24285,0.083489,0.078188,0.014451,-0.14253,0.023835,0.12415,0.146,0.023739,0.062017,-0.12785,0.0065711,0.31252,-0.040179,-0.057321,0.31048,-0.15337,0.029301,-0.14317,-0.24108,0.22636,0.019748,0.33176,-0.29354,-0.097575,0.41978,0.026381,-0.065019,-0.25858,-0.10658,-0.17053,-0.10138,0.10489,-0.079758,-0.0014665,0.40228,0.18355,0.30113,-0.039456,-0.020685,0.092115,-0.23495,-0.11193,0.551,-0.23734,0.08513,-0.032066,0.057112,-0.070998,-0.12182,-0.094354,0.45381,0.010257,-0.27983,0.012231,0.15618,-0.084721,0.036715,-0.12469,0.23156,-0.1629,0.29874,-0.14675,0.43414,-0.039935,0.17737,0.11414,-0.15443,0.25195,-0.053527,-0.033704,0.089062,-0.094308,-0.06944,-0.14499,-0.22943,0.25896,-0.27601,-0.068449,0.070066,-0.10981,-0.057818,-0.015488,0.10788,-0.24781,-0.073055,-0.1751,-0.21846,0.49715,-0.12185,0.015783,-0.18187,-0.17529,-0.19822,0.35818,0.27626,0.26604,-0.15989,-0.10516,-0.038798,0.083177,-0.13399,0.097603,-0.0017551,0.13199,0.21092,0.049538,0.062469,-0.068343,0.0086247,-0.11884,-0.12321,-0.11629,-0.11753,-0.0249,-0.21811,-0.10587,-0.12175,-0.089531,0.24849,0.10751,-0.17548,0.080156,-0.16511,-0.18831,-0.13751,0.20287,0.50447,-0.12115,-0.18629,-0.096027,-0.014162,-0.26564,0.078934,-0.14836,0.096576,-0.2049,-0.059635,0.35049,0.065534,-0.15807,-0.13769,0.37081,0.34066,-0.14345,-0.034655,-0.024743,0.012889,0.016581,-0.055278
-0.036111,0.23232,0,-0.10543,0.17115,0.17483,-0.043228,-0.057884,-0.015002,0.090212,-0.21093,0.4047,0.0014924,-0.16251,-0.083354,0.078938,0.81062,-0.18946,0.031474,0.24045,-0.26916,-0.11464,-0.16805,-0.10169,0.025268,-0.031769,0.19401,-0.077945,0.054762,-0.1697,-0.16939,-0.0755,0.12638,0.05997,-0.005605,0.043089,-0.14635,0.021071,0.0071822,0.44678,-0.040865,0.19505,0.17494,-0.11234,-0.13873,0.22226,-0.090239,-0.16547,-0.10781,0.57512,-0.17381,-0.061148,-0.037402,0.27341,-0.045184,-0.065105,0.021855,-0.093076,-0.12753,0.053012,0.3624,-0.0045118,0.15943,-0.14751,-0.22172,-0.043867,0.1665,0.011487,-0.10577,0.49527,0.20324,-0.16706,-0.051501,0.22195,0.094135,-0.067035,0.2337,-0.063978,0.10989,-0.012481,-0.13114,-0.038014,0.042687,-0.039422,0.24071,-0.098267,-0.1313,-0.078358,0.11958,-0.055341,0.090277,0.50829,0.29441,-0.018094,0.06695,0.26109,0.010192,-0.032758,0.0095209,-0.1562,0.093482,-0.087497,-0.18748,-0.045668,-0.23175,-0.015124,0.302,-0.061738,-0.080021,-0.046201,0.21012,-0.16701,-0.066612,-0.038131,0.07072,0.009779,-0.074501,-0.018237,0.077021,-0.10319,0.014929,0.22411,0.21337,-0.18082,0.063793,-0.014405,-0.13491,0.11521,-0.07148,0.53042,-0.009173,-0.15766,0.13484,-0.15455,0.04483,-0.066048,0.069323,-0.090322,-0.079358,-0.04113,-0.049314,0.030369,-0.16156,0.2958,-0.10914,-0.27819,0.33639,-0.10034,-0.054177,-0.21165,0.17083,-0.16836,0.15583,-0.11284,0.59233,-0.076054,0.046143,-0.093305,0.41919,-0.18196,0.02113,-0.16186,-0.03729,-0.23103,0.01756,0.08184,-0.039293,-0.051914,0.12766,0.14418,0.094038,-0.015207,-0.20397,0.22692,0.021376,0.10596,0.0012326
-0.020728,-0.13777,-0.10543,0,-0.041315,0.19943,-0.024235,0.13596,0.09048,-0.10671,0.17715,-0.12939,0.062353,0.12283,0.033315,0.13384,-0.11656,0.33273,0.070388,0.0001068,0.14638,0.47133,0.089354,-0.053907,0.09325,0.121,0.054777,-0.0079269,0.0034919,0.25884,0.006745,0.4333,0.12085,-0.14775,0.016807,0.09118,-0.0054279,-0.092639,0.11951,-0.15999,0.13626,0.097932,-0.036496,0.089511,0.13058,-0.044639,0.28856,-0.052629,0.10036,-0.18234,0.35093,0.10091,-0.1837,0.010502,0.04639,0.080701,0.12931,0.43373,0.42028,0.18011,0.022568,0.09451,0.029673,-0.062972,0.035118,-0.012024,0.21001,0.076341,0.36852,-0.07041,-0.23609,0.47632,0.053876,0.0046437,0.023073,0.20929,-0.016412,0.13857,-0.12849,0.2359,0.06329,0.033029,-0.12492,0.13247,-0.090423,0.19751,-0.016099,0.0015106,-0.046924,-0.063573,-0.12542,0.01353,-0.16926,0.21566,-0.057125,-0.10719,0.22623,0.12245,0.17539,0.039345,-0.12651,0.040218,0.2696,0.16734,0.42197,0.51292,0.026173,0.29048,0.002006,0.030877,-0.17057,0.39116,0.46618,-0.05655,-0.104,-0.18055,0.12506,0.049042,-0.039005,0.63496,0.0039264,-0.125,-0.055587,0.032059,-0.045029,0.14173,0.14306,0.036142,0.50851,-0.14182,0.011164,-0.065417,0.070531,-0.034171,0.3091,0.16301,0.11335,-0.025868,0.18891,-0.040861,-0.0076963,-0.040687,0.22343,-0.055863,0.051819,0.2175,-0.22324,-0.019821,0.069394,-0.031806,-0.082382,0.10504,0.020594,-0.062468,-0.20458,-0.064995,0.020944,0.32223,0.018496,0.16946,0.091303,0.17054,-0.080962,0.49373,0.41497,-0.18896,-0.026617,0.075677,0.03925,-0.17422,-0.15989,-0.12175,0.30039,0.060714,0.0574,0.049411,0.46753
-0.15697,0.32667,0.17115,-0.041315,0,-0.034569,-0.061424,-0.10116,0.1603,0.13472,-0.081829,0.20523,0.20348,-0.28434,-0.22287,0.052542,0.26026,-0.0023191,-0.034954,0.74604,-0.13726,-0.15919,-0.19008,-0.15874,0.016146,-0.084021,0.35586,-0.28156,0.068863,-0.069082,-0.16725,-0.089904,0.059205,0.048841,-0.02171,0.54333,0.096113,-0.093831,0.12574,0.33147,0.22161,0.028194,0.22899,-0.18786,0.17519,-0.13568,0.11885,0.010344,0.19919,0.32464,-0.080203,-0.097478,0.2191,0.060997,-0.17235,-0.2432,-0.11048,-0.14217,0.014611,-0.043105,-0.038066,0.25859,0.24979,-0.041872,0.19206,0.15167,0.081911,0.13429,-0.078424,-0.1421,0.23611,-0.040734,0.20061,-0.15547,0.051507,-0.11662,-0.084163,-0.07218,0.62632,0.11801,-0.32226,0.10669,0.016847,-0.10711,-0.12549,-0.14333,-0.047275,-0.2229,0.18483,-0.14112,0.61102,-0.0088283,0.26274,0.072205,-0.1077,0.65285,0.1235,-0.043632,0.36163,-0.061864,-0.23129,-0.18971,-0.2464,-0.029849,-0.17793,-0.04476,0.095146,-0.044203,0.051511,0.14964,0.033432,-0.20818,-0.0040585,-0.15762,-0.3101,0.4853,-0.099107,0.21672,-0.25214,-0.058044,-0.1829,0.65308,0.17612,0.11931,-0.1548,-0.22094,0.023026,0.12527,-0.10702,-0.0063493,0.19053,0.19023,-0.056044,-0.11495,0.02823,-0.11339,0.10691,-0.27586,-0.13714,-0.10569,-0.13186,0.14954,-0.14404,-0.18246,-0.19523,-0.18077,0.064855,0.32009,0.047589,-0.029885,-0.25169,-0.25575,-0.12601,0.19526,0.35289,-0.1246,-0.17611,0.039266,0.044614,-0.25675,0.12853,-0.11338,0.236,-0.10797,-0.023888,0.35304,0.14607,-0.16362,-0.12902,0.37304,0.44927,-0.13594,0.13934,-0.046976,-0.014931,0.080207,-0.032784
-0.054767,-0.14359,0.17483,0.19943,-0.034569,0,0.21207,0.09562,-0.13913,0.027728,0.15165,0.07615,0.00141,0.030248,0.069777,0.16317,0.079931,0.15927,0.22906,0.067578,0.082607,0.228,0.13906,-0.11061,-0.00042782,0.16159,0.30747,0.13026,-0.038127,0.19408,-0.14146,0.15756,0.034631,0.034933,0.016189,0.15522,-0.083458,-0.11548,0.037622,0.088671,0.018537,0.060377,-0.037515,0.097465,0.0063946,0.051504,0.32651,0.012924,-0.056169,-0.028399,0.25739,0.090533,-0.20538,0.018822,-0.043539,0.22606,0.42102,0.16634,0.12399,0.17053,0.045187,0.02855,-0.1416,-0.16641,-0.24312,0.17476,0.69596,-0.049505,0.39145,0.28056,-0.21666,0.21618,-0.079639,0.13748,-0.076023,0.016588,-0.0036355,0.11455,-0.14714,-0.02093,0.20777,-0.042619,-0.040004,0.15835,0.062069,0.035418,-0.13852,-0.044389,-0.11935,-0.073723,-0.21145,0.084641,0.12662,0.018409,-0.082062,-0.050438,0.073075,0.22034,0.014034,0.021014,-0.047261,0.14476,0.19247,-0.011248,0.2385,0.12994,0.032335,0.3766,-0.05759,0.23196,0.0706,0.35062,0.091809,-0.070949,0.06419,-0.27505,0.12796,-0.029628,0.22288,0.22973,-0.037545,-0.098734,-0.068643,-0.19711,-0.013711,0.14198,0.073035,-0.10104,0.12785,0.20648,-0.031983,-0.071902,0.050899,-0.13458,0.059285,0.041738,-0.042434,0.042107,0.098848,-0.10689,-0.073315,-0.037114,0.19884,0.41162,0.025622,-0.016756,-0.014744,0.040745,0.35236,-0.17442,0.076477,0.086342,0.035556,-0.11863,0.079483,-0.12705,-0.020904,0.10917,0.024353,0.21309,-0.011856,0.10835,-0.043739,0.18068,0.19868,-0.15215,0.073073,0.16628,0.039541,-0.10274,-0.099111,-0.13391,0.034985,0.5698,-0.0059055,-0.034807,0.18442
-0.20332,0.023481,-0.043228,-0.024235,-0.061424,0.21207,0,-0.17434,-0.054998,0.34156,0.077738,0.2926,-0.033648,-0.083878,0.29431,0.10573,-0.14851,0.11163,-0.094037,0.064085,0.18532,-0.077242,0.46873,-0.22696,-0.084263,-0.17687,0.17871,0.026014,-0.03848,0.16022,0.065131,-0.09156,-0.095144,0.54124,0.21691,0.19527,0.10588,-0.16671,-0.0050941,0.13371,-0.02293,-0.073997,0.056991,-0.069277,0.21301,-0.18174,0.065972,0.51347,-0.096291,-0.13906,0.20109,-0.16697,0.16503,-0.15361,-0.093189,0.085141,-0.083228,-0.12651,0.0014558,0.083069,-0.21176,0.13476,-0.15045,-0.019343,-0.043177,0.36849,0.10072,-0.070397,-0.047189,0.10318,0.15197,0.072651,0.031952,-0.14143,-0.16455,-0.12487,-0.18776,-0.0911,-0.025423,-0.14609,0.30838,0.086929,0.094686,-0.17288,-0.13004,-0.068084,0.069408,-0.12756,-0.12231,-0.21827,-0.18123,-0.24303,0.26327,0.012418,-0.17402,-0.11277,-0.047432,-0.12518,-0.0067205,0.42915,-0.010005,0.24877,0.042414,-0.057103,0.11349,-0.11626,-0.15251,-0.10786,0.16014,0.15963,0.37813,0.073791,-0.054154,-0.20206,0.15915,-0.10123,-0.093746,0.064068,0.0085227,-0.0041176,-0.22001,-0.071077,-0.092152,-0.0075647,-0.21158,-0.080717,0.26025,-0.19313,-0.10778,0.080715,0.0032424,0.3338,-0.18733,0.14478,-0.094756,-0.14312,-0.13379,0.20435,-0.12698,-0.17004,-0.17123,-0.10885,-0.029153,0.17522,0.33922,0.031137,0.44327,0.049714,0.34213,0.17013,-0.070326,0.054817,-0.21131,0.0034523,0.034839,-0.18536,-0.19538,0.045828,-0.26339,0.1704,-0.035288,-0.08892,0.13651,0.026621,-0.14524,0.15687,0.26154,-0.11396,-0.18933,-0.019317,0.10915,-0.17383,0.020836,0.040538,-0.062701,-0.11478,-0.12151
0.10931,-0.090336,-0.057884,0.13596,-0.10116,0.09562,-0.17434,0,0.096477,-0.16604,0.1287,-0.13424,-0.041621,0.042727,-0.013226,-0.067751,-0.044014,0.0022509,0.25931,-0.14697,-0.061262,0.23542,-0.10494,0.10024,0.033882,0.4878,-0.074374,0.15092,0.01141,0.01877,0.039567,0.26626,0.024888,-0.1358,-0.063709,-0.14709,-0.076975,-0.0063348,-0.080719,-0.14596,-0.010845,0.002181,-0.023917,0.33313,-0.098715,0.1239,0.0057459,-0.12502,-0.041899,-0.083307,0.0065611,0.63565,-0.083085,-0.01663,0.026525,0.15796,0.23313,0.29356,0.13007,0.074049,0.088212,-0.095747,0.041687,0.17032,-0.043239,-0.15509,0.1409,-0.030288,0.26512,-0.041418,-0.12711,0.026562,-0.071617,0.028484,0.041181,0.38651,0.08449,0.28999,-0.098846,0.032241,0.15887,-0.093762,-0.028019,0.58939,-0.029539,0.34831,-0.065798,0.047408,0.0077646,0.086306,-0.041809,0.085255,-0.11471,0.11931,0.027149,-0.090217,-0.0099133,0.41294,-0.051591,-0.12509,-0.023049,0.15333,0.23126,0.10414,0.12997,0.31485,-0.036949,0.48625,-0.084932,-0.069776,-0.10215,0.10562,0.05195,0.089657,-0.016716,-0.030462,0.28654,-0.047383,0.0012705,0.097657,0.13372,-0.090946,-0.0082874,-0.0075846,0.15229,0.093407,-0.060133,-0.00033777,0.29123,-0.14667,-0.069054,-0.11866,0.075791,-0.050421,0.14647,0.56169,0.0057738,0.047306,0.49547,0.047676,0.097046,-0.041138,0.272,-0.1159,-0.044288,0.12881,-0.1685,-0.060751,-0.090256,-0.094731,0.03892,0.34659,0.10678,0.035392,-0.13665,0.050796,0.12526,0.056932,0.086055,0.23703,-0.012601,0.30609,-0.13495,0.12002,0.28212,-0.092659,-0.042455,0.22986,0.083512,-0.049241,-0.09068,-0.043902,-0.013858,0.016315,0.040605,-0.033693,0.29486
-0.030813,0.33658,-0.015002,0.09048,0.1603,-0.13913,-0.054998,0.096477,0,-0.025085,-0.036535,0.11232,-0.012722,-0.081548,-0.087684,-0.12229,0.026432,0.0043526,0.039311,0.067214,-0.11912,0.07984,-0.17118,-0.020276,0.057508,0.078529,0.051924,-0.14121,0.062141,0.1545,0.036596,0.046248,-0.00044027,0.00069966,0.23772,0.0062776,0.017896,-0.084564,-0.051666,0.040618,0.025114,-0.041959,0.37166,-0.063386,0.13295,-0.059293,-0.095295,0.077068,0.02975,0.023275,-0.069937,0.09033,0.20032,-0.035152,-0.03061,-0.17055,-0.039471,0.095655,0.038192,0.23266,-0.046155,0.047392,0.50098,0.23192,0.3476,-0.030637,-0.058616,0.14038,-0.060894,-0.14346,0.1664,0.015667,0.059839,-0.11278,0.05362,0.085382,-0.071,0.016614,0.24156,0.070904,-0.15183,-0.022818,-0.046635,0.05101,-0.15427,0.039757,0.25908,-0.086529,0.29549,-0.049134,0.25523,-0.053691,-0.060004,0.50239,-0.080609,0.062026,0.032783,0.099759,0.13962,-0.06686,-0.12936,-0.05008,-0.12308,0.46991,-0.039234,0.10413,-0.029944,0.083424,-0.028742,-0.093968,-0.095847,-0.10637,0.15671,-0.06304,-0.18487,0.27541,-0.0014498,0.04068,-0.22451,0.03892,-0.048836,0.15632,0.22638,0.31132,-0.046908,-0.049088,0.044407,0.065155,0.20094,-0.11069,-0.048868,0.063004,0.043503,0.050187,0.35203,0.117,0.030587,-0.081201,0.07145,-0.018022,-0.0024524,-0.021042,-0.027455,-0.23181,-0.051533,0.051043,-0.014095,0.10216,-0.13644,0.043272,-0.17578,-0.078536,-0.058315,0.20604,0.12959,-0.02169,-0.041523,0.0050496,-0.030715,-0.12401,0.15694,0.056959,0.034732,0.04423,0.12201,0.14202,0.037148,-0.078872,-0.057838,0.056546,0.1772,-0.09785,0.19759,-0.1333,0.040171,-0.017026,0.17229
-0.15491,0.038503,0.090212,-0.10671,0.13472,0.027728,0.34156,-0.16604,-0.025085,0,-0.043453,0.20326,0.093011,-0.18754,0.087465,0.028582,0.0387,6.9205e-05,-0.08463,0.25637,0.058961,-0.14364,0.25346,-0.17763,-0.079374,-0.15461,0.11615,-0.080932,-0.019476,-0.097002,-0.031464,-0.13854,-0.1043,0.44169,0.081384,0.23664,0.17783,-0.11317,-0.02363,0.22544,0.06155,-0.070072,0.12633,-0.12148,0.13777,-0.14945,-0.030698,0.15157,-0.041591,0.062119,0.060504,-0.15071,0.16254,-0.075154,-0.13485,-0.030144,-0.11543,-0.14027,-0.055561,-0.044855,-0.13599,0.15816,-0.041885,-0.052293,-0.042375,0.42199,-0.031139,-0.043702,-0.16697,0.052639,0.17386,-0.065957,0.076036,-0.12888,-0.080294,-0.12591,-0.13941,-0.10652,0.10761,-0.094899,0.020645,0.0892,0.097992,-0.1595,-0.11659,-0.13036,-0.031962,-0.15942,-0.043561,-0.17067,0.033343,-0.12638,0.3509,-0.014493,-0.12828,0.18043,-0.027216,-0.11761,0.026726,0.38265,-0.052097,0.058124,-0.15084,-0.11084,-0.087018,-0.12683,-0.078485,-0.16755,0.23631,0.11414,0.36162,-0.14757,-0.097712,-0.15474,0.028385,0.029876,-0.11431,0.139,-0.065763,-0.095098,-0.18746,0.14814,0.0072226,-0.034303,-0.17768,-0.17059,0.085235,-0.081497,-0.11643,0.096692,0.051218,0.23894,-0.16793,0.083645,-0.059339,-0.15584,-0.06135,0.0086505,-0.16785,-0.107,-0.14286,0.0082279,-0.13808,0.070828,0.13739,-0.11683,0.3443,0.11993,0.25153,0.18806,-0.11443,-0.10253,-0.18265,0.009339,0.15116,-0.12906,-0.1661,0.0080324,-0.1375,-0.085027,-0.018672,-0.14321,0.38918,-0.12347,-0.13155,0.20823,0.1516,-0.14644,-0.17071,0.11217,0.19154,-0.11366,-0.053104,-0.050371,-0.064425,-0.056683,-0.12077
-0.069245,-0.23265,-0.21093,0.17715,-0.081829,0.15165,0.077738,0.1287,-0.036535,-0.043453,0,-0.20355,0.062362,0.012431,0.23095,0.12206,-0.23182,0.50655,0.040756,-0.078406,0.2805,0.19712,0.22979,-0.084709,-0.03433,0.087805,0.031151,0.081374,-0.057851,0.25288,0.21998,0.21601,-0.05017,0.0020186,-0.048055,0.28263,0.0015909,-0.064651,0.14053,-0.24143,0.19043,-0.071236,-0.17909,0.35048,0.18884,0.0051696,0.58929,0.070774,0.020327,-0.3084,0.49883,0.093817,-0.053248,-0.17819,-0.02019,0.34885,0.10516,0.17888,0.32532,0.075943,-0.01618,0.07198,-0.1537,0.27268,0.067656,0.19338,0.11657,-0.035037,0.47718,-0.024273,-0.25361,0.32255,0.15302,-0.09264,-0.13801,0.10867,0.0093679,0.16302,-0.15864,0.04132,0.16465,0.10331,0.09452,0.094753,-0.12652,0.15972,-0.052036,-0.056063,-0.14168,-0.073656,-0.17206,-0.10167,-0.11092,0.063483,-0.022885,-0.20868,0.049326,0.086766,0.11608,0.06642,-0.033963,0.37604,0.18603,0.058022,0.40813,0.12841,-0.17604,0.25872,-0.020283,0.23958,-0.012387,0.29672,0.089778,-0.066749,0.0027453,-0.15512,0.17326,0.134,0.049391,0.20531,0.0084686,-0.20596,-0.19244,0.13146,-0.014338,-0.0034026,0.21592,-0.14856,0.15324,-0.095387,0.08487,0.31227,-0.095486,0.17717,-0.0080179,0.12702,-0.073717,0.11364,0.16174,-0.075144,-0.045029,-0.077535,0.4977,-0.013132,0.21894,0.31558,-0.22585,0.25064,0.31062,0.04736,-0.039415,0.12456,-0.045628,0.34198,-0.29684,-0.071786,0.015202,0.28641,-0.10464,0.19389,-0.014119,0.53761,0.12257,0.42121,0.12273,-0.17735,0.32358,0.094904,-0.031446,-0.13432,-0.1489,-0.089368,0.32024,0.048766,-0.049853,-0.070501,0.11995
-0.15191,0.50884,0.4047,-0.12939,0.20523,0.07615,0.2926,-0.13424,0.11232,0.20326,-0.20355,0,-0.047894,-0.19818,0.052511,0.051314,0.31748,-0.16724,-0.020249,0.25764,-0.20119,-0.15718,-0.080066,-0.18187,0.012303,-0.10512,0.15782,-0.17605,0.075457,0.02702,-0.12949,-0.12382,-0.0038414,0.32041,0.26272,0.084871,-0.037295,-0.13421,-0.02264,0.3262,-0.048496,0.027148,0.37239,-0.16595,0.11145,-0.12726,-0.1373,0.10809,-0.11183,0.31153,-0.14661,-0.12735,0.18745,0.092403,-0.09396,-0.12004,-0.060793,-0.16508,-0.099108,0.30475,-0.050262,0.06887,0.21734,-0.05093,0.0055479,0.14678,0.059406,0.043497,-0.18223,0.088269,0.29924,-0.14047,0.025013,0.11677,0.0465,-0.10624,-0.11176,-0.10329,0.31656,-0.026429,-0.16487,0.059101,0.065432,-0.12416,0.058335,-0.11993,0.031078,-0.12832,0.16772,-0.1709,0.18395,0.033522,0.39953,0.14126,-0.15405,0.21783,0.0086515,-0.07866,0.046819,0.031758,-0.10933,0.076809,-0.20733,0.10551,-0.16971,-0.086599,0.10638,-0.11572,-0.0018643,0.010614,0.32582,-0.12881,-0.061537,-0.17166,-0.090475,0.18922,-0.11967,0.047129,-0.097349,-0.12097,-0.20379,0.33917,0.31096,0.012467,-0.16817,0.032171,0.11639,0.026305,-0.14014,0.17382,0.0055013,0.066612,0.12332,-0.073027,0.082916,-0.12192,0.037773,-0.15901,-0.13337,-0.134,-0.13282,-0.033849,-0.16272,0.13363,0.07475,-0.18439,0.45032,0.0076258,0.061926,-0.065285,-0.060734,-0.20535,-0.095709,0.0092058,0.5064,-0.15662,-0.18252,-0.0428,-0.00102,-0.1961,0.085389,-0.17682,0.015226,-0.19584,-0.058297,0.37042,0.18494,-0.15017,-0.10034,0.19269,0.37352,-0.17072,-0.1127,0.10296,0.037755,0.0083086,-0.065279
-0.051569,-0.080398,0.0014924,0.062353,0.20348,0.00141,-0.033648,-0.041621,-0.012722,0.093011,0.062362,-0.047894,0,-0.080769,-0.050243,0.15694,0.013533,0.10687,-0.038856,0.25536,-0.0057292,0.0061493,0.0098429,-0.068674,0.0221,-0.050291,0.083368,-0.092187,0.029467,-0.044172,-0.077537,0.004283,0.044361,-0.028096,-0.040018,0.2105,0.02638,-0.048721,0.19132,0.041379,0.59971,0.064511,0.0016134,-0.045423,0.088942,-0.059851,0.13945,-0.083822,0.12563,0.015516,0.13131,-0.037715,-0.06382,0.029669,-0.03173,-0.032285,-0.031334,-0.00012812,0.17051,-0.021323,-0.033111,0.22034,-0.0053949,-0.055991,-0.011959,0.062943,0.0040971,0.022836,0.045418,-0.037173,-0.059228,0.081171,0.29482,-0.078412,0.055865,-0.065742,-0.050419,-0.011147,0.046583,0.2103,-0.078902,0.23494,-0.057951,-0.052245,-0.094627,-0.0634,-0.076653,-0.054189,-0.00735,-0.064749,0.059332,-0.037497,0.032187,0.03247,-0.047016,0.20272,0.1964,-0.030303,0.18221,0.045259,-0.10933,-0.036798,-0.069686,-0.046589,0.02865,0.008019,0.021802,-0.0078195,0.10117,0.032647,-0.02052,-0.019486,0.03225,-0.056902,-0.093295,-0.011908,-0.016157,0.50675,-0.090581,0.074472,-0.083357,0.11783,0.004048,-0.038297,-0.06893,-0.065551,0.025625,0.098978,0.022834,-0.035444,0.37821,0.014007,-0.077981,-0.057864,0.025463,-0.049856,0.16584,-0.10683,-0.052262,-0.031526,-0.050258,0.44645,0.0092813,-0.05601,-0.04114,-0.043039,-0.040317,0.063539,0.064641,-0.02734,-0.093488,-0.095036,-0.067031,-0.0013955,-0.0072742,-0.05851,-0.072732,0.275,-0.026526,-0.053852,0.028694,0.0067617,0.076781,0.048004,0.012912,-0.0032252,0.014957,-0.059543,-0.06023,-0.0015657,0.039958,-0.065718,0.084047,-0.034844,0.004834,0.048158,0.031983
0.30212,-0.17884,-0.16251,0.12283,-0.28434,0.030248,-0.083878,0.042727,-0.081548,-0.18754,0.012431,-0.19818,-0.080769,0,0.1558,-0.039909,-0.16988,0.060765,0.012835,-0.29393,0.17569,0.18201,0.090334,0.27874,0.036733,0.049949,-0.20988,0.33884,-0.054629,0.13022,0.206,0.078927,0.021793,-0.18055,0.048575,-0.24049,-0.041204,0.038149,-0.042713,-0.25132,-0.056452,-0.0017454,-0.18054,0.23542,-0.086239,0.061345,-0.022361,0.00048407,0.047204,-0.23042,0.0588,0.049782,-0.16783,0.055238,0.42564,0.21651,0.074639,0.093245,0.043057,0.028155,0.022569,-0.070564,-0.12364,0.021162,-0.048314,-0.16027,0.024263,-0.055268,0.074088,0.016235,-0.21347,0.069787,-0.089222,0.24866,0.0069222,0.065188,0.031311,0.08024,-0.27795,0.0063485,0.3031,-0.092766,0.028224,0.097534,0.31481,0.088968,0.21853,0.41599,-0.10746,0.2401,-0.2358,-0.0043841,-0.22089,-0.065279,0.041624,-0.27792,0.0050665,-0.007459,-0.094724,-0.037537,0.34853,0.038745,0.38617,0.10398,0.11392,0.06584,0.068619,0.004054,-0.026687,-0.030291,-0.13266,0.22421,0.065724,0.21099,0.29688,-0.23866,0.09842,-0.092,0.34554,0.10949,0.14145,-0.28584,-0.13061,-0.003856,0.10905,0.43933,0.044207,-0.00074123,0.062238,-0.030304,-0.12635,-0.14832,0.27423,0.07932,-0.025277,0.036995,-0.032037,0.32026,0.058434,0.11931,0.30383,-0.057823,0.03465,0.11657,0.11849,0.23679,-0.19164,-0.15159,-0.064871,-0.0012242,0.30948,0.35367,0.16386,-0.11502,-0.24482,0.13556,0.12862,-0.005273,-0.012397,0.28829,-0.071788,0.012777,-0.15145,0.12462,0.023024,-0.25464,-0.13605,0.23851,0.20977,-0.17753,-0.28216,0.017969,-0.018151,0.078239,0.029045,-0.049799,0.050248
-0.012067,-0.14408,-0.083354,0.033315,-0.22287,0.069777,0.29431,-0.013226,-0.087684,0.087465,0.23095,0.052511,-0.050243,0.1558,0,0.090668,-0.17032,0.18625,-0.04474,-0.15933,0.22719,0.031858,0.42098,-0.039568,-0.022046,-0.046939,-0.082302,0.25186,-0.032391,0.0968,0.44315,0.048085,-0.073232,0.29866,0.18517,-0.0096829,0.021904,-0.063418,-0.0064238,-0.10716,-0.013756,-0.034468,-0.071763,0.14966,0.18806,-0.070406,0.099386,0.14818,-0.0098775,-0.20115,0.25636,-0.0072405,0.00045641,-0.049469,0.10901,0.27001,-0.00017457,0.021527,0.084831,0.14593,-0.060622,0.082874,-0.15147,0.19055,0.0084566,0.12148,0.012522,-0.08326,0.06798,0.043572,-0.091699,0.10873,0.03157,0.097976,-0.0905,0.026056,-0.051012,-0.0066962,-0.14431,-0.051851,0.37848,0.091631,0.10961,-0.045153,0.083938,0.1449,0.070094,0.13098,-0.12718,-0.017953,-0.24578,-0.078762,0.039512,0.0032147,-0.050166,-0.25404,-0.0064712,-0.044373,-0.049531,0.26232,0.1801,0.45588,0.18785,0.038322,0.17603,-0.022897,-0.081842,-0.035336,0.1325,0.005321,0.2172,0.16914,-0.013405,-0.024131,0.33735,-0.16603,0.032007,0.043914,0.14314,0.064597,-0.064529,-0.20206,-0.10002,0.077976,-0.059872,0.17167,0.33476,-0.1348,-0.033448,-0.040424,-0.0024219,0.22988,-0.008995,0.28328,-0.058865,0.031375,-0.070774,0.28295,0.095744,-0.049113,-0.0052302,-0.099662,0.10085,0.097262,0.61398,0.24471,0.13365,-0.07936,0.14123,0.14345,0.18967,0.19377,-0.0024087,0.0095257,-0.16104,-0.058952,-0.050755,0.11353,-0.11728,0.29096,-0.050573,0.057442,-0.036553,0.10463,-0.034284,-3.0151e-05,0.16712,0.04334,-0.013663,-0.12537,-0.07023,-0.099329,0.02171,-0.0055021,-0.016111,-0.094256,-0.020534
-0.13099,-0.067033,0.078938,0.13384,0.052542,0.16317,0.10573,-0.067751,-0.12229,0.028582,0.12206,0.051314,0.15694,-0.039909,0.090668,0,0.038296,0.15312,-0.021906,0.1113,0.044683,0.043204,0.10993,-0.14858,0.0024805,-0.044674,0.15349,-0.029083,-0.0062057,0.042676,-0.021199,0.10625,0.36816,0.076058,-0.016146,0.17835,-0.064796,-0.028215,0.70591,0.10142,0.21191,0.30078,-0.064584,0.0015286,0.069951,-0.10438,0.2055,-0.0079321,-0.020855,0.094373,0.21658,-0.067149,-0.063935,0.060505,-0.02097,0.064172,0.0022615,0.035882,0.24416,0.010283,-0.009421,0.078827,-0.092336,-0.062694,-0.082045,0.088721,0.11381,0.0087869,0.13844,0.032332,-0.066685,0.088273,0.26036,-0.048393,-0.00048481,-0.062532,-0.0036698,-0.0075248,0.0033116,0.16096,0.030591,0.3349,-0.0085377,-0.054531,-0.060256,-0.035293,-0.075033,-0.062799,-0.044616,-0.13344,-0.074372,0.029866,0.074207,-0.043567,-0.010901,0.010275,0.11038,-0.052209,0.082736,0.041062,-0.065799,0.082417,0.0090793,-0.080812,0.10806,0.053412,0.077037,0.024882,-0.013127,0.064013,0.084594,0.10919,0.05247,-0.13001,-0.0033049,-0.079815,-0.0027093,0.22779,-0.0036356,0.15031,-0.08019,0.002693,-0.024388,-0.046245,-0.12995,-0.025167,0.10435,0.036877,-0.0067674,0.046249,0.42753,0.077575,-0.080325,-0.025559,-0.057026,-0.07724,0.1236,-0.02794,-0.050685,-0.078901,-0.098595,0.029792,0.076774,0.084217,0.096116,0.020148,0.046064,0.0020613,0.13184,-0.06113,-0.065924,-0.061307,-0.021522,-0.02446,0.042478,-0.11431,-0.071954,0.27612,0.025376,0.023323,0.018529,0.028724,-0.016227,0.079777,0.090147,0.0092496,0.087663,-0.051476,-0.027453,-0.04399,0.002693,-0.040286,0.019176,0.073945,-0.022753,0.063592,0.066736
-0.045088,0.31158,0.81062,-0.11656,0.26026,0.079931,-0.14851,-0.044014,0.026432,0.0387,-0.23182,0.31748,0.013533,-0.16988,-0.17032,0.038296,0,-0.2037,0.032062,0.25988,-0.25058,-0.13432,-0.23669,-0.10222,0.02454,-0.022212,0.1889,-0.12476,0.043988,-0.19716,-0.11613,-0.086691,0.15832,-0.016058,-0.068834,0.054264,-0.10661,0.035454,0.035408,0.47531,-0.020063,0.17193,0.15793,-0.11499,-0.17929,0.21489,-0.12033,-0.14505,-0.036195,0.65454,-0.23529,-0.048844,0.046426,0.26235,-0.031956,-0.13208,-0.0061106,-0.10481,-0.12766,-0.017847,0.3954,-0.019769,0.21325,-0.089138,-0.14975,-0.11425,0.14529,0.025831,-0.12994,0.35081,0.31425,-0.20797,-0.020737,0.15225,0.1124,-0.051709,0.22942,-0.057039,0.17246,0.014245,-0.20261,-0.048556,0.10312,-0.026921,0.26543,-0.10293,-0.087249,-0.10576,0.15761,-0.055621,0.20596,0.47377,0.23763,-0.0368,0.066619,0.33898,-5.0976e-05,-0.017962,0.031696,-0.20833,0.13234,-0.18539,-0.20632,-0.041105,-0.28263,-0.0070506,0.3372,-0.068293,-0.084504,-0.037326,0.13195,-0.22267,-0.075223,-0.048417,-0.010454,0.11995,-0.074468,-0.013401,0.03416,-0.1279,0.00084321,0.26885,0.20013,-0.11468,0.051565,-0.082424,-0.203,0.16571,-0.078426,0.5239,0.010958,-0.12962,0.16657,-0.09401,0.038317,-0.051118,0.08322,-0.090314,-0.076075,-0.038043,-0.051716,0.050478,-0.19482,0.1729,-0.18912,-0.26572,0.27033,-0.061163,-0.13716,-0.15353,0.08878,-0.17112,0.1153,-0.050603,0.60571,-0.066805,0.038291,-0.10557,0.47872,-0.22027,0.015581,-0.16314,0.02745,-0.25159,0.017717,0.083765,-0.084998,-0.062407,0.11632,0.26439,0.093251,-0.0009001,-0.19518,0.16801,0.0111,0.13852,0.0010954
-0.072319,-0.19338,-0.18946,0.33273,-0.0023191,0.15927,0.11163,0.0022509,0.0043526,6.9205e-05,0.50655,-0.16724,0.10687,0.060765,0.18625,0.15312,-0.2037,0,-0.0077842,0.022646,0.37153,0.28618,0.24925,-0.10336,0.014933,-0.0059017,0.036589,0.01426,-0.058376,0.34322,0.18892,0.29056,0.0087221,-0.033191,-0.0018189,0.3048,0.10379,-0.086913,0.17677,-0.24933,0.25249,-0.026427,-0.13846,0.17719,0.3443,-0.020048,0.50232,0.12715,0.14212,-0.31662,0.66799,-0.020035,-0.086001,-0.11764,0.02382,0.17511,0.058107,0.2104,0.42014,0.14675,-0.021722,0.18093,-0.12995,0.10943,0.21307,0.18815,0.14714,0.027446,0.32704,-0.030749,-0.25467,0.45389,0.18285,-0.082696,-0.10368,0.069334,-0.02081,0.081661,-0.14758,0.11437,0.10526,0.11122,-0.018178,-0.0025807,-0.11534,0.08987,-0.0070012,-0.049559,-0.13725,-0.090601,-0.17502,-0.10201,-0.16365,0.11222,-0.041201,-0.17882,0.13043,-0.013473,0.28306,0.16442,-0.060167,0.19629,0.20484,0.14017,0.48185,0.24742,-0.096135,0.14042,0.04792,0.24981,-0.123,0.33251,0.2277,-0.075696,-0.047404,-0.20118,0.072155,0.16028,0.034517,0.32242,-0.0079657,-0.19829,-0.18153,0.24729,-0.043914,0.031737,0.34642,-0.094415,0.24876,-0.08025,0.10561,0.22351,-0.061083,0.18206,0.054121,0.024062,-0.028535,0.096539,0.052811,-0.068361,-0.037249,-0.035883,0.29345,-0.011139,0.21029,0.36298,-0.24415,0.23673,0.28895,0.15313,-0.080649,0.091214,-0.037374,0.12579,-0.29002,-0.078403,0.010042,0.31991,-0.097407,0.14613,0.025172,0.28003,0.17067,0.59256,0.16624,-0.23256,0.13993,0.04671,-0.0076869,-0.18187,-0.17462,-0.10045,0.49589,0.057511,-0.026835,-0.034882,0.20089
0.04387,-0.0059009,0.031474,0.070388,-0.034954,0.22906,-0.094037,0.25931,0.039311,-0.08463,0.040756,-0.020249,-0.038856,0.012835,-0.04474,-0.021906,0.032062,-0.0077842,0,-0.051468,-0.047082,0.12564,-0.072698,0.030751,0.017655,0.32335,-0.010209,0.060205,0.0017742,0.033479,-0.025289,0.13208,0.019954,-0.08693,-0.029178,-0.057676,-0.05857,-0.019922,-0.045006,-0.0445,-0.019117,0.010976,-0.0027551,0.11971,-0.064943,0.061587,0.0067694,-0.08593,-0.035075,-0.015085,-0.0098857,0.24912,-0.057118,-0.0001518,0.003517,0.083732,0.41107,0.13341,0.044251,0.065546,0.052559,-0.052013,0.018149,0.036048,-0.047414,-0.064806,0.23805,-0.015402,0.16067,0.0072747,-0.068022,0.0056602,-0.05492,0.061421,0.013125,0.14985,0.038296,0.15472,-0.041752,-0.00095058,0.046008,-0.070317,-0.00024337,0.32362,0.024638,0.11992,-0.055377,0.019879,0.0067831,0.031556,-0.0229,0.07084,-0.037756,0.070997,-0.0014936,-0.025564,-0.0058378,0.50026,-0.022313,-0.080762,-0.020109,0.037094,0.074972,0.056624,0.051236,0.15518,-0.0014588,0.34004,-0.056374,-0.02143,-0.032328,0.071869,0.013033,0.031677,-0.018099,-0.023782,0.14248,-0.044364,0.015785,0.059408,0.041704,-0.036632,0.0029917,-0.022199,0.066518,0.069465,-0.035721,-0.0087364,0.12688,-0.043158,-0.048717,-0.065974,0.076087,-0.064361,0.07618,0.18223,-0.0088732,-0.023482,0.17867,0.023158,0.043545,-0.03264,0.12796,-0.0012109,-0.046295,0.024115,-0.080805,-0.023882,-0.039732,-0.07105,0.036969,0.091207,0.056552,0.011738,-0.02998,0.012366,0.053685,0.01264,0.060947,0.077986,-0.0056168,0.13544,-0.063066,0.040412,0.19517,-0.04645,-0.0039828,0.15096,0.041329,-0.018577,-0.045655,-0.041059,-0.027124,0.17132,0.028885,-0.024521,0.18952
-0.15689,0.18818,0.24045,0.0001068,0.74604,0.067578,0.064085,-0.14697,0.067214,0.25637,-0.078406,0.25764,0.25536,-0.29393,-0.15933,0.1113,0.25988,0.022646,-0.051468,0,-0.13633,-0.10657,-0.05853,-0.18786,0.01481,-0.11609,0.40414,-0.2539,0.064048,-0.084936,-0.2407,-0.058474,0.059477,0.14017,0.016986,0.58882,0.056406,-0.097934,0.10986,0.37342,0.2186,0.087927,0.23617,-0.22033,0.21717,-0.12823,0.17473,-0.042486,0.12242,0.30395,0.026321,-0.1384,0.07442,0.096321,-0.1822,-0.20221,-0.097711,-0.097671,0.014387,0.0011839,-0.033959,0.3121,0.15875,-0.16094,0.040143,0.23782,0.1081,0.11795,-0.041615,-0.034221,0.14772,0.04957,0.15046,-0.13772,0.040861,-0.13915,-0.082497,-0.085685,0.48831,0.11368,-0.25389,0.11257,-0.043238,-0.13159,-0.14576,-0.16305,-0.11957,-0.22425,0.12048,-0.16779,0.40645,0.015732,0.34118,0.070139,-0.10877,0.64361,0.18672,-0.076592,0.34419,0.059556,-0.24036,-0.12993,-0.24258,-0.069559,-0.098143,-0.011918,0.11378,-0.05046,0.10911,0.094469,0.12777,-0.15089,0.041427,-0.16402,-0.2382,0.28891,-0.11275,0.23351,-0.2332,0.0044494,-0.18891,0.58606,0.1684,-0.0046564,-0.16883,-0.20196,0.078988,0.11396,-0.063203,0.047204,0.19139,0.15435,-0.10802,-0.17994,0.055657,-0.15874,0.13812,-0.27259,-0.17557,-0.11289,-0.14378,0.17155,-0.1315,-0.095401,-0.11891,-0.21057,0.16235,0.19595,0.14061,-0.077901,-0.22402,-0.26637,-0.11856,0.066397,0.32266,-0.14152,-0.17288,0.065322,0.042272,-0.22868,0.1436,-0.13802,0.17511,-0.070573,0.0023341,0.3433,0.16246,-0.1691,-0.11512,0.23891,0.41872,-0.13952,0.11405,-0.022746,-0.021337,0.097187,0.0046762
-0.1372,-0.1882,-0.26916,0.14638,-0.13726,0.082607,0.18532,-0.061262,-0.11912,0.058961,0.2805,-0.20119,-0.0057292,0.17569,0.22719,0.044683,-0.25058,0.37153,-0.047082,-0.13633,0,0.13,0.49595,-0.15041,-0.029055,-0.056019,-0.025635,0.041341,-0.10121,0.23011,0.40315,0.076503,-0.034806,0.091702,0.013834,0.1301,0.23114,-0.094737,0.10104,-0.13931,0.11004,-0.11731,-0.23172,0.17396,0.093806,-0.11949,0.24509,0.34909,0.2104,-0.28755,0.29882,-0.068643,0.088179,-0.15197,0.11649,0.15374,-0.0087325,0.055725,0.19083,-0.030776,-0.137,0.034264,-0.2333,0.14807,0.12016,0.19764,0.10149,-0.092843,0.1258,-0.098497,-0.024937,0.18776,0.11737,-0.10366,-0.11898,0.017727,-0.11003,0.012413,-0.19816,-0.02149,0.18772,0.07352,0.24745,-0.047146,-0.013822,0.025888,0.17722,-0.03493,-0.19817,-0.14146,-0.15961,-0.20382,-0.070673,-0.082677,-0.086771,-0.22713,-0.025342,-0.053598,3.7763e-05,0.30044,0.16645,0.12649,0.29163,0.002703,0.25128,0.036444,-0.10802,-0.023896,0.12421,0.3103,0.045636,0.19061,0.047596,-0.13865,0.076813,-0.13071,0.010175,0.070361,0.14775,0.1265,-0.10755,-0.24773,-0.2461,0.23773,-0.11458,0.0071405,0.22967,-0.11563,0.038607,-0.044744,0.043748,0.26852,-0.066658,0.47537,-0.093249,-0.041308,-0.11683,0.32738,-0.023572,-0.10605,-0.11138,-0.067145,0.099018,0.0093861,0.29687,0.42503,-0.068491,0.18444,0.23476,0.42802,-0.061102,0.2609,-0.14132,0.091505,-0.28466,-0.11618,-0.098237,0.13127,-0.19504,0.17929,-0.10029,0.095932,0.29577,0.29864,-0.024164,-0.15453,0.067578,0.011815,-0.11271,0.014263,-0.17726,-0.096004,0.17437,0.013814,-0.057433,-0.091334,-0.01236
0.02778,-0.18335,-0.11464,0.47133,-0.15919,0.228,-0.077242,0.23542,0.07984,-0.14364,0.19712,-0.15718,0.0061493,0.18201,0.031858,0.043204,-0.13432,0.28618,0.12564,-0.10657,0.13,0,0.084021,-0.009697,0.056947,0.2221,-0.024589,0.06631,-0.019735,0.419,-0.012817,0.4893,-0.026379,-0.21051,0.0054937,-0.022433,-0.06953,-0.082045,0.020158,-0.24799,0.028956,-0.043257,-0.069892,0.15704,0.033332,0.038323,0.27474,-0.13971,0.019802,-0.24983,0.33645,0.19801,-0.28846,-0.089475,0.041836,0.15226,0.2041,0.66065,0.28936,0.29168,0.027287,-0.0076807,-0.044833,-0.061378,-0.069115,-0.014631,0.20097,-0.014001,0.44284,-0.022677,-0.33372,0.37863,-0.056745,0.062666,-0.028802,0.36162,0.0065163,0.2216,-0.22158,0.10148,0.15357,-0.036188,-0.19292,0.25061,-0.091244,0.30919,-0.043498,0.035564,-0.089759,-0.030831,-0.21609,-0.011333,-0.2337,0.23004,-0.047076,-0.19958,0.12953,0.19737,0.044344,0.01054,-0.14024,0.072896,0.44241,0.28391,0.51665,0.54838,-0.093597,0.38695,-0.064354,0.012315,-0.23415,0.61729,0.30381,-0.017939,-0.096072,-0.2632,0.22524,-0.042378,-0.0026241,0.4397,0.04957,-0.21613,-0.096611,-0.017897,0.024577,0.23697,0.1188,-0.057858,0.63423,-0.14696,-0.056062,-0.16055,0.15271,-0.080444,0.29713,0.26765,0.0075675,-0.016558,0.30404,-0.029592,0.0063363,-0.038031,0.32356,-0.018316,0.058943,0.30353,-0.29494,-0.048002,0.089047,-0.095095,-0.062996,0.19782,-0.01287,-0.12242,-0.27014,-0.040928,0.065953,0.17985,-0.029907,0.29559,0.013829,0.26501,-0.15047,0.50327,0.53637,-0.25688,-0.068342,0.16482,0.019187,-0.27356,-0.22449,-0.10765,0.20223,0.10591,0.038104,-0.09452,0.64248
-0.1092,-0.27105,-0.16805,0.089354,-0.19008,0.13906,0.46873,-0.10494,-0.17118,0.25346,0.22979,-0.080066,0.0098429,0.090334,0.42098,0.10993,-0.23669,0.24925,-0.072698,-0.05853,0.49595,0.084021,0,-0.14102,-0.06707,-0.092495,0.013657,0.16726,-0.084188,0.098847,0.23584,0.061345,-0.087354,0.34595,0.096472,0.16168,0.14171,-0.090632,0.02081,-0.052403,0.036085,-0.065446,-0.17877,0.064452,0.15517,-0.10939,0.18918,0.25675,0.030264,-0.25768,0.3679,-0.081652,-0.027075,-0.13162,0.037616,0.23578,-0.023259,0.045432,0.10359,-0.0050075,-0.13468,0.11703,-0.2768,-0.0087873,-0.091456,0.3427,0.042523,-0.11232,0.077893,0.056728,-0.087783,0.1962,0.044792,-0.072692,-0.14595,-0.028565,-0.10434,-0.022677,-0.22113,-0.095806,0.40641,0.088607,0.094706,-0.089161,-0.067977,0.045527,0.037871,0.015872,-0.21768,-0.13676,-0.28718,-0.18059,0.07977,-0.076535,-0.083696,-0.22762,-0.015883,-0.076152,-0.049389,0.48996,0.10701,0.26245,0.20317,-0.086115,0.27658,-0.0070342,-0.1393,-0.056515,0.25109,0.15536,0.25298,0.20185,0.0058789,-0.11093,0.27946,-0.24473,0.0043683,0.086045,0.098308,0.11633,-0.11774,-0.2441,-0.23233,0.004825,-0.11738,0.036663,0.31128,-0.17049,0.0080716,-0.022302,0.016513,0.27628,-0.15407,0.30943,-0.1058,-0.080966,-0.1105,0.26861,-0.034214,-0.085538,-0.092197,-0.098601,0.074577,0.11385,0.51315,0.22902,0.17503,0.028054,0.38392,0.23977,0.029422,0.18934,-0.1346,-0.044204,-0.25689,-0.12016,-0.094698,0.1185,-0.19858,0.31049,-0.096745,0.011835,0.14486,0.17209,-0.044699,-0.06136,0.14748,-0.011454,-0.10865,-0.13256,-0.10598,-0.10614,0.051176,-0.028036,-0.065398,-0.11516,-0.023578
0.59396,-0.14367,-0.10169,-0.053907,-0.15874,-0.11061,-0.22696,0.10024,-0.020276,-0.17763,-0.084709,-0.18187,-0.068674,0.27874,-0.039568,-0.14858,-0.10222,-0.10336,0.030751,-0.18786,-0.15041,-0.009697,-0.14102,0,-0.0019011,0.09309,-0.19415,0.25046,-0.018559,-0.092652,-0.10179,0.028166,-0.040624,-0.23922,-0.09456,-0.21845,-0.091902,0.31684,-0.18353,-0.23081,-0.10072,0.028785,-0.06816,-0.0017984,-0.13167,0.31879,-0.12543,-0.22597,-0.08654,-0.12269,-0.064231,0.12743,-0.18887,0.06504,0.18896,0.0081909,0.062738,0.043763,-0.070781,0.0028887,0.14116,-0.11523,-0.036787,-0.049129,-0.083256,-0.14601,-0.14034,-0.030085,-0.062981,0.10376,-0.22205,-0.035904,-0.1433,0.29379,0.037419,0.037586,0.23997,0.0045239,-0.16484,-0.063433,0.056144,-0.13674,-0.19992,0.095818,0.1633,0.075954,-0.094997,0.51698,-0.02669,0.65176,-0.084372,0.13237,-0.21553,0.003107,0.27195,-0.12652,-0.045409,0.046677,-0.11896,-0.1494,0.084039,-0.012636,-0.0079906,0.0094718,-0.011178,0.005602,0.0026336,0.0013007,-0.091368,-0.16458,-0.23506,0.017371,-0.02979,0.54784,0.15064,-0.12098,0.035695,-0.11139,0.068677,-0.039048,0.52568,-0.12906,-0.034347,-0.099184,0.45989,0.32573,-0.10241,-0.010637,0.023322,-0.083403,-0.15125,-0.25479,0.16931,-0.17053,0.01394,0.077712,-0.037363,-0.033253,0.1047,0.44122,0.57229,-0.014697,0.010787,-0.06407,-0.10159,-0.070464,-0.253,-0.091066,-0.12806,-0.15031,0.35813,0.026546,0.43071,-0.092886,-0.20695,0.63457,0.41118,-0.062551,0.11984,0.067344,-0.041093,-0.0037978,-0.16535,-0.048978,0.015837,-0.16819,-0.13863,0.15194,0.38678,-0.18884,-0.14011,0.31877,-0.080776,-0.081849,0.011076,-0.061296,0.011569
0.0048467,0.034894,0.025268,0.09325,0.016146,-0.00042782,-0.084263,0.033882,0.057508,-0.079374,-0.03433,0.012303,0.0221,0.036733,-0.022046,0.0024805,0.02454,0.014933,0.017655,0.01481,-0.029055,0.056947,-0.06707,-0.0019011,0,0.024935,-0.0068607,-0.040429,0.087601,0.024017,-0.013353,0.077873,0.057492,-0.088235,0.013462,-0.045401,-0.035443,-0.035937,-0.0032575,-0.01394,0.017455,0.055228,0.052037,-0.014144,-0.008709,-0.013198,0.0079412,-0.075304,0.06098,0.014219,0.0026353,0.030961,-0.063174,0.1629,0.068895,-0.03281,0.012239,0.0478,0.061181,0.054287,0.015825,0.034787,0.11117,-0.024213,0.029212,-0.095192,0.028276,0.20662,0.048541,-0.04075,-0.037063,0.053003,-0.012998,0.024337,0.24408,0.031674,-0.0098749,0.015977,0.01302,0.2775,-0.057016,-0.016878,-0.047869,0.020063,0.011069,0.0277,0.015723,0.041326,0.16341,-0.016586,0.030981,0.035225,-0.052152,0.065754,-0.028547,0.035538,0.21005,0.0216,0.14314,-0.058746,-0.036933,-0.036349,0.019376,0.063473,0.021556,0.092716,0.13468,0.049856,-0.021324,-0.054398,-0.075133,0.022129,0.19722,-0.0082648,-0.051326,0.0032881,0.012269,-0.0057263,-0.035043,0.074351,-0.0023959,0.035451,0.1592,0.01908,-0.010042,0.026521,0.0074785,0.2318,0.069321,-0.050957,-0.012928,-0.079645,0.05014,-0.042015,0.096956,0.035764,0.20738,-0.051391,0.026694,-0.0036145,0.018657,-0.0045728,0.0090671,-0.046502,-0.023806,0.015211,-0.05837,-0.058299,-0.071006,-0.045588,-0.011285,-0.019881,0.05657,-0.040517,0.0049769,-0.027835,0.001114,0.03726,0.037936,-0.015668,0.15383,0.0030691,-0.082257,0.042998,0.082965,-0.019092,-0.055166,-0.009576,0.055079,-0.028412,-0.0057222,-0.058166,0.049821,-0.0087311,0.21662,0.088351,0.083155
