0,-0.15091,-0.036796,-0.023555,-0.14822,-0.058186,-0.19674,0.1109,-0.025133,-0.1548,-0.06628,-0.14495,-0.047208,0.30525,-0.0067131,-0.12254,-0.052324,-0.069603,0.047612,-0.15016,-0.14362,0.025005,-0.11124,0.60188,0.010123,0.090201,-0.17941,0.24068,-0.015139,-0.065712,-0.096933,0.028651,-0.022865,-0.21699,-0.083905,-0.18621,-0.098791,0.31369,-0.16184,-0.21515,-0.078975,0.035464,-0.068849,0.027944,-0.10345,0.39883,-0.089516,-0.22763,-0.087793,-0.14033,-0.026684,0.11569,-0.20746,0.057848,0.17924,0.036328,0.076537,0.042406,-0.044397,0.032576,0.21942,-0.095199,-0.031707,-0.052474,-0.099779,-0.11597,-0.094366,-0.028192,-0.04733,0.16684,-0.243,-0.012972,-0.12096,0.36526,0.019681,0.050453,0.27833,0.025576,-0.15992,-0.049822,0.04231,-0.11332,-0.1997,0.10481,0.26058,0.077692,-0.1127,0.36859,-0.014438,0.68136,-0.098045,0.18016,-0.18691,0.0045741,0.33367,-0.10791,-0.035903,0.043187,-0.085197,-0.1266,0.1129,0.023708,-0.00039526,0.027914,0.0090272,0.027807,0.02771,0.0078932,-0.086185,-0.13894,-0.21202,0.033218,-0.0037574,0.70851,0.16177,-0.14059,0.027715,-0.085305,0.11645,-0.012276,0.4621,-0.11748,-0.048004,-0.11201,0.48919,0.30623,-0.070362,-0.0050993,0.042424,-0.015611,-0.14924,-0.24981,0.27461,-0.17482,0.019996,0.081729,-0.044711,-0.01313,0.096119,0.47886,0.58597,-0.017239,0.020659,-0.026919,-0.066592,-0.066627,-0.23101,-0.090163,-0.089888,-0.16156,0.39338,0.013294,0.40118,-0.10864,-0.17366,0.5006,0.43562,-0.043194,0.16899,0.044054,-0.043032,-0.0051163,-0.15798,-0.028859,0.018425,-0.16144,-0.11611,0.17996,0.42272,-0.19916,-0.13036,0.24447,-0.066068,-0.039446,5.672e-05,-0.056603,0.050434
-0.15091,0,0.22798,-0.12458,0.31235,-0.13732,0.024606,-0.084604,0.33792,0.040227,-0.2261,0.50616,-0.085105,-0.16234,-0.12506,-0.067515,0.30583,-0.18915,-0.012723,0.17442,-0.18243,-0.17175,-0.26498,-0.14079,0.026973,-0.058911,0.13231,-0.22959,0.074691,0.082862,0.03336,-0.13631,0.019685,0.12044,0.14594,0.021782,0.058761,-0.12949,0.0016477,0.3103,-0.041716,-0.058065,0.30438,-0.14275,0.032661,-0.1412,-0.23053,0.23065,0.014828,0.31864,-0.28355,-0.089683,0.4174,0.02266,-0.060103,-0.24104,-0.10108,-0.15721,-0.095401,0.10054,-0.076112,0.0026618,0.39352,0.18419,0.2954,-0.042856,-0.014362,0.087836,-0.22113,-0.10705,0.54802,-0.23173,0.083307,-0.025618,0.050798,-0.066662,-0.12734,-0.084888,0.44524,0.0026631,-0.27233,0.011236,0.15134,-0.0811,0.05643,-0.11977,0.22505,-0.15572,0.29295,-0.1386,0.42953,-0.043175,0.17419,0.11321,-0.15537,0.23509,-0.056167,-0.029042,0.095104,-0.10282,-0.048388,-0.12868,-0.21244,0.26401,-0.26743,-0.062143,0.068551,-0.099261,-0.050317,-0.012955,0.10063,-0.23506,-0.068698,-0.16749,-0.20955,0.48959,-0.11321,0.022385,-0.16875,-0.17107,-0.19835,0.35009,0.26948,0.2622,-0.15862,-0.089479,-0.043364,0.071301,-0.12455,0.094526,-0.00095964,0.12771,0.22148,0.058446,0.055583,-0.06568,-0.00032116,-0.11334,-0.11371,-0.11524,-0.11559,-0.029615,-0.20484,-0.098571,-0.10863,-0.084599,0.24537,0.11272,-0.16388,0.08208,-0.15097,-0.18007,-0.13218,0.19739,0.49829,-0.11785,-0.18959,-0.088723,-0.016282,-0.25304,0.064893,-0.14187,0.097024,-0.19435,-0.05102,0.34537,0.066606,-0.14542,-0.13489,0.36849,0.33803,-0.1487,-0.028066,-0.021344,0.013788,0.013326,-0.046307
-0.036796,0.22798,0,-0.10064,0.17095,0.18094,-0.046086,-0.059546,-0.01058,0.093083,-0.20807,0.39378,-0.0059804,-0.15225,-0.084006,0.069523,0.80861,-0.18462,0.034284,0.23621,-0.26286,-0.10803,-0.1639,-0.095281,0.019709,-0.027843,0.19145,-0.072486,0.0499,-0.15996,-0.16511,-0.074209,0.11846,0.055908,-0.012304,0.040827,-0.1438,0.017063,0.0010976,0.44583,-0.043009,0.18832,0.17467,-0.10373,-0.13345,0.22711,-0.088767,-0.15999,-0.10355,0.57001,-0.17059,-0.060091,-0.032908,0.25895,-0.040623,-0.062418,0.028337,-0.084807,-0.12695,0.045151,0.36617,-0.0061336,0.15717,-0.1445,-0.21335,-0.046002,0.17337,0.011908,-0.10248,0.4925,0.20444,-0.16458,-0.055918,0.21602,0.080338,-0.0649,0.23786,-0.053546,0.10966,-0.018037,-0.12727,-0.042828,0.041527,-0.036815,0.25431,-0.10061,-0.12108,-0.072659,0.11692,-0.053957,0.097704,0.50665,0.2927,-0.017542,0.066171,0.26215,0.0023827,-0.029503,0.018295,-0.16022,0.1092,-0.089376,-0.17745,-0.038321,-0.22822,-0.017552,0.2951,-0.058838,-0.070723,-0.039871,0.19976,-0.16013,-0.061292,-0.036972,0.074045,0.014272,-0.067016,-0.021064,0.082042,-0.099773,0.02504,0.22013,0.20919,-0.1748,0.059526,-0.0072909,-0.13729,0.10281,-0.075369,0.52284,-0.019721,-0.15525,0.13865,-0.14794,0.047478,-0.064739,0.06065,-0.094184,-0.08301,-0.039195,-0.047084,0.019972,-0.15753,0.29353,-0.1127,-0.27014,0.33181,-0.096868,-0.050176,-0.20724,0.17865,-0.16499,0.15991,-0.11187,0.59019,-0.074795,0.04993,-0.091965,0.41739,-0.17444,0.019876,-0.15764,-0.035621,-0.23114,0.018517,0.079575,-0.03662,-0.047918,0.12661,0.14948,0.091774,-0.010048,-0.19782,0.22842,0.012429,0.10124,0.0049703
-0.023555,-0.12458,-0.10064,0,-0.040652,0.19426,-0.019398,0.13904,0.089107,-0.10375,0.17659,-0.11572,0.054906,0.11375,0.029166,0.13216,-0.11082,0.32742,0.065943,0.0027103,0.14483,0.45982,0.087012,-0.05601,0.09735,0.11731,0.054537,-0.0060876,-0.004042,0.25656,0.008267,0.42324,0.1194,-0.1408,0.018234,0.085092,-0.014366,-0.084779,0.12201,-0.15414,0.13091,0.095765,-0.0353,0.090627,0.11938,-0.044972,0.28144,-0.050701,0.10314,-0.17905,0.34584,0.10624,-0.17858,0.019986,0.051986,0.08453,0.12528,0.42402,0.41184,0.17576,0.025312,0.091396,0.03076,-0.055385,0.036927,-0.0053565,0.19758,0.074529,0.36073,-0.071435,-0.22353,0.46272,0.048723,0.0099703,0.028858,0.20529,-0.014197,0.13569,-0.12591,0.23816,0.064021,0.027791,-0.11333,0.13257,-0.08196,0.19449,-0.01991,0.0040557,-0.039162,-0.063736,-0.12954,0.017731,-0.1622,0.21556,-0.051594,-0.10424,0.22201,0.11494,0.17445,0.043092,-0.12278,0.043652,0.26298,0.16217,0.41596,0.51214,0.028264,0.28445,-0.00059272,0.028084,-0.15944,0.38138,0.46728,-0.055391,-0.099702,-0.17519,0.12506,0.048024,-0.0382,0.62262,0.0031125,-0.12173,-0.050221,0.032458,-0.04317,0.12989,0.13968,0.048864,0.50087,-0.13921,0.0053893,-0.059283,0.071984,-0.034771,0.30448,0.16358,0.12054,-0.022043,0.18602,-0.039665,-0.0066528,-0.040091,0.22,-0.054246,0.050634,0.2163,-0.20902,-0.015051,0.065495,-0.025423,-0.079556,0.10103,0.024654,-0.060674,-0.19868,-0.066393,0.023352,0.31386,0.020674,0.17087,0.083321,0.17181,-0.078968,0.48953,0.40937,-0.18316,-0.024488,0.076191,0.042799,-0.17288,-0.1588,-0.11609,0.29735,0.056688,0.066801,0.056656,0.46675
-0.14822,0.31235,0.17095,-0.040652,0,-0.038117,-0.056761,-0.099037,0.15692,0.14239,-0.081942,0.20309,0.18627,-0.28196,-0.21515,0.040219,0.25499,0.0011398,-0.038404,0.74027,-0.13506,-0.15524,-0.18476,-0.1568,0.011099,-0.084735,0.34715,-0.2765,0.066914,-0.070164,-0.1573,-0.084091,0.047583,0.0511,-0.022479,0.52938,0.10701,-0.098787,0.10852,0.32815,0.21606,0.023737,0.23258,-0.18398,0.17409,-0.136,0.11002,0.0081885,0.1908,0.31568,-0.077011,-0.098181,0.21651,0.063709,-0.16864,-0.2326,-0.11139,-0.12766,0.013517,-0.04268,-0.035603,0.25088,0.2445,-0.039745,0.18882,0.15199,0.074614,0.13095,-0.075858,-0.13688,0.23684,-0.037901,0.19352,-0.15432,0.046325,-0.10505,-0.087208,-0.069804,0.61491,0.11669,-0.31884,0.099048,0.012751,-0.10584,-0.11894,-0.1369,-0.055052,-0.21468,0.17775,-0.14219,0.60015,-0.010994,0.26108,0.078767,-0.11123,0.64431,0.12328,-0.041891,0.35973,-0.054443,-0.21984,-0.18039,-0.24238,-0.02878,-0.16943,-0.039951,0.096404,-0.043288,0.0622,0.14395,0.030132,-0.2017,-0.0063623,-0.15711,-0.30164,0.47332,-0.098985,0.21443,-0.24739,-0.054673,-0.18174,0.64144,0.18021,0.11158,-0.15729,-0.20976,0.011687,0.1183,-0.095743,-0.0092505,0.17292,0.18384,-0.060775,-0.10995,0.036757,-0.10943,0.096658,-0.27316,-0.13191,-0.10288,-0.13089,0.13527,-0.13391,-0.17669,-0.18703,-0.17781,0.066911,0.31313,0.051995,-0.024503,-0.24503,-0.25091,-0.12055,0.18635,0.34308,-0.11811,-0.17418,0.035392,0.044588,-0.25355,0.11833,-0.1063,0.23774,-0.103,-0.017988,0.34544,0.14656,-0.16688,-0.12413,0.36637,0.44109,-0.13435,0.13732,-0.055891,-0.012139,0.081206,-0.025901
-0.058186,-0.13732,0.18094,0.19426,-0.038117,0,0.2076,0.093735,-0.14618,0.028115,0.15522,0.077736,-0.0029422,0.029817,0.06891,0.1595,0.087132,0.15545,0.23164,0.063451,0.08249,0.21425,0.1376,-0.11326,-0.0034332,0.16082,0.30359,0.13123,-0.039876,0.18967,-0.13763,0.15004,0.038777,0.038624,0.016381,0.15461,-0.08767,-0.10364,0.038431,0.094356,0.017526,0.061207,-0.036509,0.096646,-0.0019115,0.062176,0.32421,0.010755,-0.056456,-0.023532,0.24895,0.094707,-0.19899,0.014197,-0.038983,0.2177,0.42333,0.15616,0.12428,0.16613,0.058588,0.027923,-0.13892,-0.15773,-0.23546,0.17585,0.68988,-0.055192,0.37853,0.28606,-0.20868,0.20419,-0.074706,0.13828,-0.077607,0.017466,0.015067,0.11097,-0.15123,-0.017668,0.20951,-0.036018,-0.027935,0.1539,0.065581,0.03714,-0.12378,-0.048305,-0.11729,-0.076626,-0.2094,0.094664,0.11899,0.020825,-0.068163,-0.046249,0.068522,0.21833,0.013035,0.02017,-0.040345,0.14198,0.18861,-0.012051,0.22691,0.12168,0.029929,0.36907,-0.053626,0.22406,0.070912,0.34086,0.081203,-0.070342,0.071875,-0.26962,0.13125,-0.032715,0.22348,0.22168,-0.026571,-0.093399,-0.067512,-0.19382,-0.0054504,0.13088,0.070117,-0.098032,0.1183,0.21059,-0.033073,-0.06982,0.052061,-0.12362,0.056312,0.049233,-0.038701,0.046713,0.098349,-0.10028,-0.072225,-0.047336,0.20177,0.40797,0.023499,-0.014678,-0.0039311,0.037877,0.34156,-0.17413,0.075641,0.088427,0.037523,-0.1155,0.08005,-0.12286,-0.0094634,0.10764,0.033499,0.21389,-0.016223,0.11321,-0.046779,0.17151,0.19174,-0.15295,0.077387,0.17237,0.042179,-0.10575,-0.098814,-0.12043,0.02442,0.55645,-0.0091881,-0.034083,0.17616
-0.19674,0.024606,-0.046086,-0.019398,-0.056761,0.2076,0,-0.17206,-0.065226,0.32812,0.080464,0.28306,-0.027682,-0.084544,0.2866,0.10777,-0.14863,0.11338,-0.098385,0.062236,0.19171,-0.069131,0.45985,-0.22751,-0.08703,-0.17109,0.1848,0.029647,-0.040652,0.17284,0.064405,-0.084705,-0.091192,0.53352,0.20524,0.19887,0.10792,-0.15932,-0.00096985,0.138,-0.015343,-0.071696,0.049238,-0.068022,0.20472,-0.17113,0.070803,0.51687,-0.092165,-0.1339,0.20304,-0.16694,0.16164,-0.15392,-0.091704,0.085579,-0.078892,-0.11649,0.00068658,0.076906,-0.207,0.12484,-0.1576,-0.020594,-0.037757,0.3615,0.10558,-0.06521,-0.042106,0.10419,0.15525,0.070417,0.031249,-0.13671,-0.15952,-0.12104,-0.18008,-0.087296,-0.026435,-0.14241,0.30482,0.09116,0.096034,-0.16537,-0.12626,-0.059997,0.069933,-0.13361,-0.1209,-0.20949,-0.17934,-0.23398,0.25343,0.012217,-0.16878,-0.10717,-0.042557,-0.12792,-0.0031822,0.4195,-0.0033593,0.2347,0.043095,-0.05692,0.11476,-0.11067,-0.15139,-0.10262,0.15787,0.15885,0.3704,0.082376,-0.055432,-0.19427,0.16364,-0.10246,-0.088204,0.061329,0.011167,-0.0016615,-0.20976,-0.074072,-0.088708,-0.0024628,-0.20137,-0.081391,0.25805,-0.18527,-0.10487,0.077176,0.0081787,0.3264,-0.18265,0.14968,-0.091609,-0.14034,-0.12883,0.21054,-0.12261,-0.16749,-0.17003,-0.10547,-0.022456,0.16615,0.33555,0.041175,0.44069,0.043243,0.34019,0.17002,-0.064117,0.054136,-0.21011,0.0040474,0.03152,-0.184,-0.19052,0.048163,-0.25665,0.16843,-0.036671,-0.080095,0.13184,0.030126,-0.13416,0.15009,0.25076,-0.10533,-0.18515,-0.019619,0.096253,-0.17016,0.019126,0.03788,-0.062858,-0.11386,-0.10982
0.1109,-0.084604,-0.059546,0.13904,-0.099037,0.093735,-0.17206,0,0.095402,-0.16313,0.1257,-0.13142,-0.044112,0.04828,-0.0068732,-0.059476,-0.046491,0.0008401,0.25374,-0.14049,-0.060058,0.22881,-0.096454,0.098514,0.02705,0.4829,-0.078135,0.15235,-0.00029327,0.018338,0.04205,0.25908,0.029855,-0.13512,-0.063935,-0.14978,-0.081713,-0.0053482,-0.077053,-0.14737,-0.013551,0.00098502,-0.020241,0.33989,-0.099083,0.11417,0.0078109,-0.12882,-0.043149,-0.08536,0.0050125,0.62567,-0.081707,-0.014977,0.021876,0.1609,0.23312,0.28292,0.13475,0.073325,0.08482,-0.09436,0.045747,0.1678,-0.037826,-0.15062,0.13364,-0.030233,0.26724,-0.048667,-0.12425,0.029596,-0.073593,0.032,0.039051,0.37898,0.082638,0.28985,-0.088958,0.029579,0.15358,-0.096438,-0.027425,0.57687,-0.032959,0.34492,-0.066305,0.052239,0.014386,0.083066,-0.038028,0.08178,-0.11172,0.11508,0.026602,-0.086451,-0.010283,0.40682,-0.053943,-0.12313,-0.028316,0.14588,0.22823,0.10372,0.12857,0.31167,-0.040999,0.48122,-0.086134,-0.069193,-0.1028,0.10768,0.05215,0.091872,-0.022413,-0.029014,0.28429,-0.048097,0.006166,0.09902,0.12681,-0.085183,-0.010521,-0.0085544,0.14429,0.096834,-0.0607,0.0036626,0.28723,-0.15075,-0.071076,-0.11931,0.079863,-0.049721,0.13963,0.55689,0.0032004,0.043051,0.48614,0.048168,0.088172,-0.043831,0.26434,-0.11031,-0.045387,0.12643,-0.16621,-0.060887,-0.086618,-0.093546,0.034959,0.34529,0.098413,0.0354,-0.13192,0.047923,0.11836,0.055703,0.079616,0.23863,-0.013854,0.29558,-0.13335,0.12135,0.27652,-0.088646,-0.031861,0.22292,0.075223,-0.051273,-0.083468,-0.040909,-0.013613,0.014548,0.036665,-0.042901,0.29037
-0.025133,0.33792,-0.01058,0.089107,0.15692,-0.14618,-0.065226,0.095402,0,-0.027343,-0.039,0.11196,-0.017977,-0.077099,-0.081287,-0.12212,0.030053,0.0021584,0.034203,0.068139,-0.12169,0.082255,-0.17191,-0.014139,0.053584,0.075486,0.044085,-0.13362,0.065349,0.14326,0.047664,0.042833,-0.003765,-0.013993,0.22861,-0.00027064,0.015745,-0.075359,-0.053319,0.038527,0.023502,-0.040437,0.36125,-0.056214,0.12457,-0.058233,-0.10116,0.0642,0.024372,0.025379,-0.077934,0.090639,0.18048,-0.023978,-0.019894,-0.16063,-0.035925,0.097444,0.035138,0.22697,-0.035312,0.048064,0.49989,0.22511,0.34423,-0.045907,-0.067648,0.14181,-0.060499,-0.14491,0.16445,0.013034,0.056734,-0.1021,0.054426,0.086195,-0.064403,0.017903,0.24223,0.068194,-0.15254,-0.028988,-0.052454,0.045642,-0.13966,0.042155,0.25116,-0.071949,0.29191,-0.038967,0.251,-0.043883,-0.060241,0.48628,-0.074255,0.06335,0.033943,0.098398,0.13937,-0.074658,-0.1258,-0.048826,-0.12122,0.46815,-0.036362,0.1021,-0.020803,0.079442,-0.036466,-0.10291,-0.099723,-0.10387,0.15688,-0.054523,-0.1831,0.27181,0.00014657,0.037261,-0.21669,0.034521,-0.048196,0.15719,0.2213,0.30051,-0.041195,-0.040861,0.031687,0.067712,0.20796,-0.11419,-0.047495,0.058205,0.051447,0.041245,0.343,0.11897,0.030788,-0.089527,0.074318,-0.012556,0.0015012,-0.017091,-0.029839,-0.22165,-0.04828,0.049415,-0.015336,0.095541,-0.1386,0.044381,-0.17019,-0.077342,-0.049384,0.19993,0.12732,-0.012859,-0.037368,0.0056528,-0.019039,-0.11883,0.14807,0.052886,0.034833,0.041107,0.12263,0.14233,0.032429,-0.075355,-0.053948,0.053423,0.17394,-0.091937,0.20222,-0.13073,0.041994,-0.012691,0.1762
-0.1548,0.040227,0.093083,-0.10375,0.14239,0.028115,0.32812,-0.16313,-0.027343,0,-0.039803,0.19535,0.09429,-0.18668,0.084354,0.032107,0.045316,0.0049849,-0.082398,0.26043,0.056453,-0.1424,0.2463,-0.17723,-0.076818,-0.14893,0.11606,-0.080921,-0.017993,-0.090443,-0.027155,-0.13794,-0.096562,0.43086,0.075581,0.23257,0.17799,-0.11855,-0.02074,0.22931,0.061627,-0.066472,0.12518,-0.12119,0.14299,-0.13327,-0.02669,0.14421,-0.034984,0.075137,0.059868,-0.15107,0.16343,-0.071398,-0.13113,-0.032712,-0.11856,-0.13667,-0.056368,-0.041683,-0.13031,0.14711,-0.034985,-0.057768,-0.035486,0.41943,-0.026987,-0.040672,-0.16412,0.057294,0.17258,-0.064675,0.076403,-0.13249,-0.075549,-0.12348,-0.13437,-0.098713,0.11239,-0.089576,0.0086361,0.091901,0.094159,-0.15589,-0.10422,-0.13045,-0.025981,-0.16417,-0.037448,-0.1666,0.04806,-0.12109,0.34095,-0.017245,-0.13273,0.18761,-0.022873,-0.1116,0.030279,0.37802,-0.044069,0.055445,-0.15234,-0.10225,-0.085178,-0.12655,-0.068279,-0.1627,0.23051,0.11036,0.3505,-0.14388,-0.092225,-0.15139,0.031311,0.033461,-0.11203,0.14085,-0.06618,-0.092803,-0.18441,0.15631,0.011069,-0.027177,-0.17203,-0.16819,0.087349,-0.077824,-0.1161,0.097417,0.052139,0.23454,-0.16338,0.089339,-0.049967,-0.15309,-0.056928,0.0067751,-0.16331,-0.1099,-0.14045,0.0080499,-0.12916,0.066296,0.1409,-0.11032,0.33992,0.11364,0.25383,0.18558,-0.10291,-0.10629,-0.17589,0.0079586,0.15255,-0.13266,-0.16571,0.010669,-0.12763,-0.09321,-0.017812,-0.13686,0.38408,-0.12301,-0.12597,0.20465,0.1441,-0.14299,-0.15973,0.11425,0.18987,-0.11734,-0.048797,-0.045156,-0.058319,-0.048793,-0.11387
-0.06628,-0.2261,-0.20807,0.17659,-0.081942,0.15522,0.080464,0.1257,-0.039,-0.039803,0,-0.19919,0.054476,-0.0028526,0.22437,0.12772,-0.22679,0.49571,0.03831,-0.082786,0.27701,0.19393,0.22364,-0.077964,-0.040687,0.087131,0.034817,0.076692,-0.066961,0.25258,0.21094,0.21038,-0.03933,0.0021175,-0.046811,0.27674,-0.002242,-0.058843,0.14193,-0.23633,0.18212,-0.064715,-0.17389,0.33622,0.17948,0.0063409,0.58563,0.069318,0.013603,-0.29779,0.49064,0.095088,-0.064887,-0.17751,-0.028053,0.34503,0.10974,0.17277,0.31811,0.075543,-0.0083904,0.065626,-0.15925,0.26911,0.067113,0.19626,0.11197,-0.040987,0.47154,-0.019038,-0.25236,0.31884,0.14395,-0.086732,-0.13808,0.10389,0.012723,0.15618,-0.16293,0.028509,0.15748,0.094788,0.088786,0.086141,-0.1279,0.15978,-0.058955,-0.063159,-0.14128,-0.069388,-0.1785,-0.093592,-0.12015,0.058606,-0.017802,-0.20297,0.044539,0.080216,0.1032,0.064104,-0.047152,0.37004,0.18538,0.045049,0.40356,0.12282,-0.17405,0.25093,-0.020811,0.23182,-0.016073,0.29384,0.080903,-0.062296,-8.8009e-06,-0.16527,0.17422,0.11978,0.052814,0.2019,0.011929,-0.20582,-0.18988,0.12832,-0.01019,-0.0087301,0.21255,-0.1505,0.15126,-0.081555,0.086973,0.30037,-0.10185,0.16387,-0.0087148,0.13125,-0.072151,0.10713,0.16642,-0.067899,-0.045302,-0.081649,0.49117,-0.0019726,0.20932,0.30766,-0.22722,0.2446,0.30228,0.039633,-0.03826,0.11906,-0.04543,0.3361,-0.28708,-0.070279,0.020301,0.28031,-0.098249,0.19499,-0.024391,0.52992,0.12279,0.41676,0.11721,-0.18537,0.31196,0.095532,-0.031998,-0.14035,-0.15264,-0.083353,0.3128,0.056948,-0.048103,-0.072928,0.11277
-0.14495,0.50616,0.39378,-0.11572,0.20309,0.077736,0.28306,-0.13142,0.11196,0.19535,-0.19919,0,-0.051432,-0.18573,0.060233,0.048011,0.30864,-0.15917,-0.025239,0.24673,-0.19321,-0.14374,-0.080592,-0.17258,0.0094506,-0.098927,0.15817,-0.17334,0.077055,0.03734,-0.11616,-0.11627,-0.0074534,0.30923,0.2573,0.078957,-0.033211,-0.13649,-0.026056,0.32556,-0.051474,0.025928,0.3639,-0.16062,0.11947,-0.12579,-0.13389,0.11178,-0.10316,0.30602,-0.13966,-0.12759,0.18595,0.087021,-0.085491,-0.1192,-0.056856,-0.15029,-0.097681,0.29793,-0.048116,0.075366,0.2115,-0.047401,0.015355,0.13411,0.066327,0.042123,-0.17284,0.084876,0.30112,-0.14013,0.019158,0.11853,0.043782,-0.098964,-0.11265,-0.093325,0.31321,-0.02646,-0.16657,0.056984,0.059511,-0.11975,0.070519,-0.11718,0.034651,-0.12177,0.16041,-0.16172,0.19217,0.032722,0.38732,0.14142,-0.15488,0.2165,0.007682,-0.077305,0.058681,0.02512,-0.091796,0.078254,-0.19779,0.10962,-0.16635,-0.079879,0.1033,-0.1093,0.0028961,0.0098545,0.30649,-0.11542,-0.058372,-0.16442,-0.087573,0.19284,-0.11625,0.045092,-0.094529,-0.11606,-0.194,0.33654,0.30538,0.014516,-0.16573,0.04234,0.1138,0.022763,-0.13034,0.16268,0.0024159,0.063987,0.13412,-0.06623,0.082529,-0.12025,0.033607,-0.15608,-0.12812,-0.12674,-0.12608,-0.033345,-0.15138,0.13064,0.080904,-0.17742,0.44926,0.0068327,0.057879,-0.061062,-0.051814,-0.20051,-0.090067,0.0064462,0.49664,-0.14777,-0.18066,-0.039867,-0.00095551,-0.19574,0.073686,-0.16795,0.009857,-0.1867,-0.052069,0.36717,0.18136,-0.13833,-0.094744,0.19479,0.37052,-0.16693,-0.10406,0.1093,0.032746,0.0040045,-0.054828
-0.047208,-0.085105,-0.0059804,0.054906,0.18627,-0.0029422,-0.027682,-0.044112,-0.017977,0.09429,0.054476,-0.051432,0,-0.082468,-0.0479,0.1462,0.003454,0.098929,-0.040687,0.23822,-0.0069352,0.0040215,0.01722,-0.067817,0.012887,-0.052566,0.073716,-0.086248,0.027638,-0.043341,-0.079711,-0.0036094,0.032978,-0.019224,-0.036041,0.19172,0.038099,-0.049389,0.17641,0.034894,0.59083,0.054467,0.0018978,-0.053176,0.079059,-0.05756,0.12721,-0.082373,0.12565,0.011742,0.12078,-0.039315,-0.060621,0.027138,-0.038781,-0.034598,-0.036092,-0.00059973,0.15447,-0.019187,-0.034323,0.21373,-0.0099358,-0.0615,-0.017042,0.073279,-0.0052012,0.024367,0.037934,-0.037434,-0.059407,0.072105,0.27998,-0.077446,0.050425,-0.056449,-0.049701,-0.01562,0.037804,0.20702,-0.070007,0.22341,-0.066213,-0.055512,-0.096602,-0.056852,-0.081536,-0.054551,-0.008486,-0.062612,0.051883,-0.041428,0.034339,0.027857,-0.0472,0.1891,0.1921,-0.03196,0.17077,0.049156,-0.10835,-0.028114,-0.068641,-0.052574,0.028727,-0.00062592,0.011647,-0.011733,0.10777,0.031593,-0.020782,-0.016311,0.029156,-0.053935,-0.085762,-0.014306,-0.021423,0.49289,-0.093485,0.066879,-0.082511,0.10812,0.0048616,-0.045308,-0.068016,-0.065644,0.018344,0.094454,0.024042,-0.038096,0.3616,0.010638,-0.07873,-0.057521,0.019454,-0.050012,0.15801,-0.10061,-0.04964,-0.03635,-0.052119,0.43974,0.0061363,-0.057061,-0.038058,-0.049595,-0.037301,0.059503,0.067469,-0.025152,-0.091554,-0.088523,-0.069287,-0.013892,-0.013179,-0.055547,-0.074273,0.2575,-0.031624,-0.049393,0.029232,-0.00083008,0.067473,0.040349,0.0052371,-0.0036478,0.0089556,-0.057924,-0.068235,-0.0047671,0.03576,-0.061479,0.071001,-0.040604,0.0061012,0.043367,0.026618
0.30525,-0.16234,-0.15225,0.11375,-0.28196,0.029817,-0.084544,0.04828,-0.077099,-0.18668,-0.0028526,-0.18573,-0.082468,0,0.14903,-0.041578,-0.16474,0.049862,0.020335,-0.29085,0.1678,0.17793,0.081118,0.28683,0.037763,0.054561,-0.20857,0.33195,-0.04428,0.11762,0.19264,0.073638,0.025942,-0.17976,0.056004,-0.24413,-0.04951,0.048136,-0.043757,-0.25138,-0.065843,-0.0011874,-0.17506,0.21816,-0.090463,0.059842,-0.028023,-0.00826,0.039185,-0.21983,0.048332,0.059674,-0.16905,0.056076,0.41947,0.20325,0.078823,0.091283,0.032932,0.042773,0.023962,-0.075291,-0.11637,0.022326,-0.055314,-0.16061,0.019321,-0.052902,0.062908,0.015129,-0.21577,0.062828,-0.09697,0.25241,0.0049891,0.063514,0.033848,0.072652,-0.27236,0.0039601,0.29645,-0.095445,0.024414,0.10702,0.29729,0.084846,0.22438,0.4166,-0.089216,0.23969,-0.23544,0.0012617,-0.22338,-0.055037,0.047867,-0.2678,-0.0030249,-0.0016479,-0.10112,-0.038244,0.33697,0.036496,0.37344,0.1134,0.10639,0.070936,0.068106,0.0023949,-0.038282,-0.041531,-0.12837,0.21135,0.060515,0.21636,0.29615,-0.23726,0.088734,-0.10153,0.3369,0.1014,0.14401,-0.28002,-0.11889,-0.0035261,0.11105,0.44131,0.044648,-0.0045027,0.060099,-0.028593,-0.12782,-0.15723,0.28873,0.066529,-0.020994,0.041786,-0.032753,0.31194,0.060455,0.12452,0.30435,-0.056389,0.019998,0.11639,0.10736,0.22692,-0.18447,-0.15409,-0.077541,-0.0061377,0.30137,0.34346,0.17476,-0.12091,-0.2357,0.14362,0.13014,-0.011746,-0.0094683,0.28158,-0.059821,0.0062648,-0.14985,0.11674,0.01999,-0.25144,-0.14317,0.23057,0.21407,-0.18078,-0.27311,0.029971,-0.025923,0.076635,0.027765,-0.051842,0.053076
-0.0067131,-0.12506,-0.084006,0.029166,-0.21515,0.06891,0.2866,-0.0068732,-0.081287,0.084354,0.22437,0.060233,-0.0479,0.14903,0,0.087458,-0.16574,0.18293,-0.036397,-0.15571,0.21909,0.032119,0.40607,-0.031124,-0.022541,-0.028466,-0.077828,0.24572,-0.034739,0.10447,0.43297,0.044744,-0.064648,0.28868,0.18358,-0.017422,0.004512,-0.055159,-0.0059456,-0.10719,-0.016831,-0.030814,-0.062924,0.14628,0.18986,-0.070628,0.090596,0.14811,-0.011928,-0.19335,0.2471,0.0066241,0.0017316,-0.048952,0.11052,0.26796,0.0070762,0.016442,0.077971,0.15602,-0.059303,0.081233,-0.14243,0.19795,0.015154,0.12,0.011556,-0.07635,0.059733,0.038518,-0.090269,0.096448,0.030251,0.10529,-0.08565,0.030974,-0.047854,0.00058419,-0.13169,-0.049795,0.3652,0.08881,0.10701,-0.033056,0.087601,0.15201,0.07145,0.12946,-0.12069,-0.0070127,-0.23019,-0.073586,0.030155,0.0098442,-0.048962,-0.24275,-0.0076867,-0.035027,-0.047872,0.24907,0.17649,0.454,0.1806,0.038272,0.17024,-0.021588,-0.073503,-0.030304,0.12108,-0.002791,0.21459,0.16504,-0.020323,-0.018029,0.32574,-0.15654,0.03414,0.041778,0.1376,0.058912,-0.055138,-0.18977,-0.089022,0.091838,-0.058436,0.16448,0.34711,-0.12691,-0.034801,-0.039067,0.00054154,0.22247,0.00089783,0.26716,-0.049918,0.033413,-0.063955,0.27124,0.10207,-0.044236,0.0018169,-0.10027,0.098362,0.093443,0.60729,0.24247,0.12931,-0.07776,0.12918,0.13345,0.19239,0.18226,0.0045994,0.0090041,-0.15548,-0.050672,-0.047356,0.11234,-0.11595,0.28019,-0.045181,0.060326,-0.036522,0.095977,-0.034471,0.0055556,0.16209,0.053644,-0.005823,-0.12802,-0.06134,-0.09388,0.023167,-0.00039327,-0.0088889,-0.089316,-0.017648
-0.12254,-0.067515,0.069523,0.13216,0.040219,0.1595,0.10777,-0.059476,-0.12212,0.032107,0.12772,0.048011,0.1462,-0.041578,0.087458,0,0.029537,0.14084,-0.02582,0.096795,0.039607,0.040378,0.1049,-0.14568,0.0086986,-0.037755,0.15669,-0.030019,-0.004924,0.037758,-0.02414,0.1094,0.3701,0.077661,-0.012122,0.17504,-0.053738,-0.028841,0.70213,0.10418,0.19962,0.30088,-0.062759,-0.00043924,0.06345,-0.10068,0.20093,-0.0011336,-0.020354,0.093366,0.20627,-0.065147,-0.056926,0.054682,-0.022062,0.061877,0.0046449,0.037412,0.23161,0.01135,-0.0084715,0.0736,-0.093044,-0.057133,-0.081739,0.089429,0.11308,0.015127,0.13781,0.032023,-0.054078,0.085622,0.25594,-0.050241,-0.0046969,-0.061772,-0.0013326,-0.0043531,0.0012159,0.15251,0.031216,0.32631,-0.0021289,-0.051929,-0.063347,-0.03037,-0.075672,-0.06996,-0.044762,-0.13574,-0.07266,0.033243,0.074161,-0.039159,-0.011409,0.0061829,0.1137,-0.045238,0.081116,0.045522,-0.06434,0.082621,0.010114,-0.084,0.10465,0.060041,0.07108,0.03121,-0.0025732,0.060601,0.083174,0.10881,0.051393,-0.13009,-0.0029685,-0.079151,0.005496,0.21848,-0.0060644,0.15371,-0.075106,0.00011428,-0.023218,-0.048693,-0.1288,-0.027692,0.096648,0.040139,-0.003134,0.045912,0.42625,0.082865,-0.082201,-0.021558,-0.051641,-0.072477,0.1279,-0.022197,-0.049293,-0.079034,-0.094818,0.017603,0.08015,0.082007,0.096646,0.017354,0.050908,0.0042432,0.12583,-0.056572,-0.063863,-0.059322,-0.025074,-0.019016,0.040153,-0.11351,-0.069339,0.26702,0.023129,0.025141,0.019186,0.035524,-0.020928,0.073427,0.09553,0.004501,0.093115,-0.040178,-0.029064,-0.039031,-0.00020651,-0.037495,0.01528,0.073395,-0.01903,0.061036,0.063013
-0.052324,0.30583,0.80861,-0.11082,0.25499,0.087132,-0.14863,-0.046491,0.030053,0.045316,-0.22679,0.30864,0.003454,-0.16474,-0.16574,0.029537,0,-0.20243,0.034638,0.25178,-0.24567,-0.13154,-0.23222,-0.096848,0.019842,-0.017539,0.18596,-0.11769,0.045059,-0.19388,-0.11314,-0.086039,0.15086,-0.015076,-0.069087,0.051416,-0.10478,0.02595,0.029517,0.47259,-0.025319,0.16893,0.15351,-0.10719,-0.17242,0.21522,-0.11849,-0.14223,-0.033451,0.6437,-0.23192,-0.04682,0.051459,0.2521,-0.030537,-0.12873,-0.0047851,-0.096244,-0.12612,-0.02214,0.39426,-0.02187,0.21241,-0.086515,-0.14324,-0.11364,0.15121,0.022636,-0.12925,0.35011,0.31246,-0.20666,-0.019132,0.14587,0.098452,-0.050355,0.2259,-0.053572,0.17159,0.011401,-0.19415,-0.047722,0.10066,-0.028043,0.27572,-0.10122,-0.082776,-0.10254,0.15451,-0.056573,0.21228,0.46764,0.24097,-0.033871,0.061638,0.33085,-0.0081026,-0.012821,0.036065,-0.21029,0.1441,-0.17922,-0.19994,-0.034989,-0.27978,-0.013769,0.32969,-0.065747,-0.075821,-0.029355,0.12774,-0.2187,-0.070182,-0.051411,-0.0080206,0.12379,-0.068924,-0.01371,0.038191,-0.12461,0.0026376,0.26225,0.19862,-0.10944,0.045264,-0.07122,-0.20173,0.15253,-0.082134,0.51406,0.0030271,-0.12571,0.16103,-0.08924,0.035104,-0.048822,0.075359,-0.093404,-0.075447,-0.039329,-0.054131,0.037838,-0.1856,0.17268,-0.18631,-0.2582,0.26766,-0.056667,-0.12971,-0.14919,0.096191,-0.16976,0.11671,-0.051819,0.60255,-0.067612,0.037733,-0.10149,0.47347,-0.21382,0.011963,-0.15933,0.032226,-0.25408,0.017255,0.084034,-0.078173,-0.065424,0.11347,0.27083,0.095115,0.00038653,-0.19115,0.16767,0.0021529,0.13476,0.0027689
-0.069603,-0.18915,-0.18462,0.32742,0.0011398,0.15545,0.11338,0.0008401,0.0021584,0.0049849,0.49571,-0.15917,0.098929,0.049862,0.18293,0.14084,-0.20243,0,-0.012464,0.025129,0.36548,0.28153,0.24704,-0.10247,0.016908,-0.010161,0.043888,0.011953,-0.059124,0.34287,0.18136,0.28049,0.0046275,-0.034253,0.0034362,0.30355,0.095122,-0.080476,0.16392,-0.24282,0.2398,-0.029528,-0.13195,0.16556,0.33285,-0.018559,0.49394,0.12325,0.14293,-0.30885,0.65582,-0.023627,-0.094461,-0.116,0.020635,0.16982,0.053699,0.20725,0.40739,0.15233,-0.01573,0.17938,-0.12657,0.10869,0.20997,0.19696,0.13971,0.029741,0.31672,-0.025775,-0.25676,0.44201,0.16771,-0.077203,-0.099708,0.070526,-0.018819,0.078612,-0.14473,0.11335,0.099374,0.098424,-0.017822,-0.0019393,-0.11174,0.092161,-0.0078481,-0.053894,-0.13043,-0.085089,-0.1786,-0.095108,-0.16819,0.11286,-0.03853,-0.17198,0.12904,-0.022855,0.28115,0.15917,-0.070313,0.19257,0.19954,0.13029,0.47293,0.23841,-0.093789,0.13109,0.04562,0.24157,-0.1189,0.32818,0.22942,-0.071432,-0.048433,-0.20741,0.070585,0.14846,0.032168,0.31253,-0.010553,-0.1899,-0.17338,0.24331,-0.041664,0.024226,0.34364,-0.085571,0.24952,-0.074018,0.091722,0.21241,-0.059867,0.172,0.05932,0.02925,-0.023555,0.093254,0.057879,-0.065255,-0.037384,-0.035095,0.28525,-0.0074755,0.20436,0.3563,-0.24343,0.22993,0.28181,0.14355,-0.076584,0.082827,-0.038269,0.11999,-0.28692,-0.078676,0.011862,0.30649,-0.087739,0.14492,0.022574,0.27778,0.16747,0.58495,0.15373,-0.23334,0.1371,0.044054,-0.0034798,-0.19035,-0.17605,-0.096129,0.49164,0.057693,-0.014736,-0.0365,0.19546
0.047612,-0.012723,0.034284,0.065943,-0.038404,0.23164,-0.098385,0.25374,0.034203,-0.082398,0.03831,-0.025239,-0.040687,0.020335,-0.036397,-0.02582,0.034638,-0.012464,0,-0.052337,-0.042675,0.11817,-0.07111,0.038154,0.017683,0.32251,-0.013331,0.06985,-0.00062684,0.024995,-0.020768,0.12352,0.02133,-0.09057,-0.036409,-0.063381,-0.05864,-0.014484,-0.04764,-0.045115,-0.021595,0.010979,-0.003254,0.12871,-0.064139,0.064757,0.0068618,-0.090734,-0.033485,-0.015372,-0.010061,0.24947,-0.064244,0.0057428,0.010026,0.092182,0.41246,0.12544,0.043506,0.05959,0.062598,-0.052699,0.02104,0.032745,-0.04752,-0.063368,0.24256,-0.013064,0.15955,0.01413,-0.071778,0.0086886,-0.051464,0.069717,0.011393,0.14703,0.046269,0.16003,-0.043432,0.0018376,0.053613,-0.06975,0.0069856,0.31926,0.031526,0.1205,-0.055066,0.023868,0.0096556,0.03622,-0.023042,0.079715,-0.040492,0.063164,0.0030096,-0.026436,-0.0067856,0.49559,-0.024496,-0.080534,-0.010906,0.031033,0.074337,0.055565,0.047666,0.14526,0.00070493,0.33562,-0.055328,-0.024576,-0.030991,0.068293,0.019379,0.035409,-0.012137,-0.027273,0.14676,-0.041428,0.030628,0.05592,0.048374,-0.035255,0.0033086,-0.029938,0.072902,0.076903,-0.041878,-0.0030951,0.12269,-0.03273,-0.05536,-0.074584,0.081812,-0.063063,0.078476,0.18714,-0.0074633,-0.019544,0.1783,0.024126,0.042745,-0.035562,0.12477,0.014129,-0.050033,0.019424,-0.079413,-0.027987,-0.042526,-0.069383,0.042963,0.092614,0.060028,0.011304,-0.026592,0.016169,0.057409,0.0086306,0.067207,0.086401,-0.0054854,0.13815,-0.065405,0.037182,0.18425,-0.053362,-0.0032579,0.15552,0.046263,-0.021649,-0.044779,-0.033365,-0.024877,0.18205,0.026529,-0.023118,0.18198
-0.15016,0.17442,0.23621,0.0027103,0.74027,0.063451,0.062236,-0.14049,0.068139,0.26043,-0.082786,0.24673,0.23822,-0.29085,-0.15571,0.096795,0.25178,0.025129,-0.052337,0,-0.1364,-0.10292,-0.062249,-0.18485,0.012686,-0.11379,0.39734,-0.25048,0.06048,-0.082584,-0.22942,-0.052684,0.048231,0.1344,0.014281,0.57278,0.069466,-0.10085,0.09611,0.36976,0.21019,0.080589,0.24132,-0.21525,0.21319,-0.12292,0.16312,-0.043653,0.12262,0.29796,0.023935,-0.13675,0.076683,0.097054,-0.17478,-0.19665,-0.10066,-0.085573,0.011953,-0.00048823,-0.029028,0.30152,0.15661,-0.15843,0.045325,0.23462,0.1023,0.12072,-0.04137,-0.035075,0.14958,0.054205,0.14109,-0.13426,0.038819,-0.12773,-0.079652,-0.084611,0.47814,0.11634,-0.25145,0.1067,-0.048532,-0.12985,-0.13541,-0.15516,-0.12012,-0.21747,0.11147,-0.16292,0.40428,0.015311,0.33232,0.076761,-0.11036,0.63661,0.18807,-0.073037,0.34428,0.062476,-0.23246,-0.12655,-0.23755,-0.066393,-0.092294,-0.0077416,0.11231,-0.047773,0.11991,0.087992,0.12036,-0.14723,0.043569,-0.16117,-0.23168,0.28308,-0.11094,0.22864,-0.23138,0.0064587,-0.18216,0.57591,0.17185,-0.0072927,-0.1675,-0.19218,0.065847,0.11289,-0.052111,0.038708,0.17025,0.14662,-0.10703,-0.17356,0.070894,-0.14899,0.13489,-0.26893,-0.16554,-0.10981,-0.13814,0.1636,-0.12479,-0.097478,-0.11242,-0.209,0.16172,0.18876,0.13694,-0.070249,-0.21639,-0.26145,-0.10926,0.060448,0.30818,-0.13321,-0.16847,0.057095,0.045143,-0.2264,0.13689,-0.13263,0.17198,-0.067334,0.009114,0.33551,0.15688,-0.1727,-0.1104,0.23365,0.40672,-0.13374,0.11289,-0.031617,-0.016674,0.0979,0.012717
-0.14362,-0.18243,-0.26286,0.14483,-0.13506,0.08249,0.19171,-0.060058,-0.12169,0.056453,0.27701,-0.19321,-0.0069352,0.1678,0.21909,0.039607,-0.24567,0.36548,-0.042675,-0.1364,0,0.12859,0.49273,-0.15353,-0.033431,-0.060232,-0.025504,0.044813,-0.097233,0.22551,0.39258,0.06924,-0.035914,0.097005,0.024989,0.12731,0.22053,-0.093973,0.093583,-0.13543,0.10587,-0.11335,-0.23104,0.16994,0.082938,-0.11391,0.23774,0.348,0.20796,-0.27736,0.29304,-0.064925,0.09374,-0.15008,0.11431,0.15132,-0.013282,0.050039,0.18309,-0.023973,-0.13376,0.028666,-0.23694,0.14884,0.11924,0.19732,0.093759,-0.089456,0.11742,-0.087153,-0.024386,0.17663,0.11178,-0.10224,-0.12098,0.02319,-0.10888,0.010319,-0.19975,-0.020217,0.18792,0.063685,0.25016,-0.044203,-0.015112,0.03213,0.18326,-0.038569,-0.19595,-0.14108,-0.17199,-0.19671,-0.079486,-0.078984,-0.087575,-0.23041,-0.031304,-0.055585,-0.0060785,0.30123,0.16467,0.12132,0.29619,0.0013058,0.24416,0.035041,-0.11146,-0.026282,0.1171,0.29942,0.05777,0.18528,0.041975,-0.13406,0.079782,-0.14181,0.0039073,0.064415,0.14917,0.11827,-0.10953,-0.25033,-0.23818,0.24345,-0.11304,-0.003252,0.23117,-0.11431,0.039907,-0.034508,0.03953,0.2646,-0.072311,0.4746,-0.089475,-0.03406,-0.11387,0.33116,-0.021869,-0.10601,-0.11256,-0.07207,0.087333,0.016833,0.29741,0.42123,-0.065283,0.17308,0.2275,0.42677,-0.057706,0.26089,-0.14229,0.080144,-0.2815,-0.12222,-0.095369,0.12637,-0.18924,0.17726,-0.10061,0.094046,0.29227,0.29258,-0.026085,-0.16225,0.058904,0.012927,-0.11268,0.0048823,-0.18502,-0.10089,0.16322,0.014903,-0.051413,-0.089334,-0.016695
0.025005,-0.17175,-0.10803,0.45982,-0.15524,0.21425,-0.069131,0.22881,0.082255,-0.1424,0.19393,-0.14374,0.0040215,0.17793,0.032119,0.040378,-0.13154,0.28153,0.11817,-0.10292,0.12859,0,0.084624,-0.010072,0.057113,0.20917,-0.018215,0.061449,-0.01791,0.41819,-0.010877,0.47365,-0.022536,-0.2042,0.021064,-0.017882,-0.074811,-0.070683,0.01765,-0.24103,0.028725,-0.037064,-0.067841,0.15327,0.031626,0.03412,0.27061,-0.13582,0.013819,-0.23755,0.32581,0.19453,-0.28657,-0.081306,0.047163,0.14181,0.19481,0.65424,0.27768,0.29752,0.034637,-0.0078175,-0.043854,-0.061995,-0.06701,-0.013142,0.1873,-0.010794,0.43006,-0.025641,-0.32474,0.37425,-0.061187,0.064135,-0.02533,0.35206,0.0073526,0.20521,-0.21702,0.099573,0.14965,-0.044914,-0.18629,0.24003,-0.092232,0.30463,-0.035485,0.0374,-0.080372,-0.032467,-0.21564,-0.0028535,-0.23047,0.23594,-0.03621,-0.19002,0.1286,0.17973,0.042367,0.012862,-0.1385,0.07243,0.43716,0.28715,0.50569,0.53773,-0.090794,0.36834,-0.062073,-0.0026099,-0.22709,0.61063,0.30513,-0.019297,-0.093334,-0.26298,0.21188,-0.043959,-0.0082819,0.43003,0.044272,-0.20823,-0.091105,-0.01722,0.024881,0.22835,0.11823,-0.050632,0.62636,-0.1439,-0.055162,-0.1546,0.1529,-0.079607,0.28954,0.26364,0.011973,-0.014538,0.29739,-0.020129,0.0052328,-0.032789,0.30729,-0.019321,0.063201,0.29832,-0.27948,-0.046314,0.078641,-0.09231,-0.063239,0.19823,-0.0084567,-0.11973,-0.26061,-0.037635,0.064165,0.17089,-0.027101,0.29258,0.01836,0.25598,-0.14488,0.49468,0.52103,-0.25081,-0.0654,0.15853,0.022103,-0.28001,-0.21959,-0.095465,0.20229,0.098376,0.040353,-0.086495,0.63301
-0.11124,-0.26498,-0.1639,0.087012,-0.18476,0.1376,0.45985,-0.096454,-0.17191,0.2463,0.22364,-0.080592,0.01722,0.081118,0.40607,0.1049,-0.23222,0.24704,-0.07111,-0.062249,0.49273,0.084624,0,-0.1363,-0.066894,-0.089406,0.013134,0.1657,-0.080715,0.10474,0.2259,0.057922,-0.084037,0.34871,0.098772,0.15428,0.13516,-0.087098,0.018751,-0.050995,0.038401,-0.059536,-0.17384,0.060539,0.14857,-0.098649,0.17831,0.2535,0.032721,-0.24636,0.35931,-0.078341,-0.018774,-0.13191,0.036946,0.22824,-0.023625,0.039787,0.10047,0.0025248,-0.1307,0.11148,-0.27568,-0.010009,-0.082856,0.33867,0.037946,-0.10923,0.07547,0.060787,-0.088065,0.18363,0.04207,-0.071508,-0.1415,-0.023844,-0.097339,-0.020152,-0.21731,-0.093396,0.39806,0.08741,0.098959,-0.079418,-0.069628,0.052066,0.042548,0.0087667,-0.21749,-0.13129,-0.28501,-0.17241,0.076017,-0.072533,-0.080502,-0.22091,-0.014495,-0.074457,-0.05072,0.48575,0.10071,0.25,0.19932,-0.080372,0.2708,-0.0051102,-0.1393,-0.051815,0.24427,0.15355,0.25858,0.19568,-0.0020432,-0.1048,0.27459,-0.24456,0.0057979,0.084124,0.10025,0.1126,-0.10923,-0.24039,-0.22259,0.016382,-0.10731,0.029069,0.3166,-0.16461,0.0086917,-0.016703,0.017686,0.26733,-0.15155,0.31347,-0.099919,-0.070166,-0.10774,0.275,-0.028476,-0.083432,-0.089079,-0.091699,0.074162,0.10838,0.50572,0.22807,0.17333,0.019857,0.37739,0.23922,0.035129,0.18987,-0.13042,-0.041415,-0.25525,-0.11515,-0.086804,0.12114,-0.19235,0.29832,-0.094875,0.016272,0.13854,0.166,-0.041922,-0.063623,0.13792,-0.0065262,-0.10612,-0.13308,-0.10812,-0.1014,0.043854,-0.024324,-0.059622,-0.11629,-0.02228
0.60188,-0.14079,-0.095281,-0.05601,-0.1568,-0.11326,-0.22751,0.098514,-0.014139,-0.17723,-0.077964,-0.17258,-0.067817,0.28683,-0.031124,-0.14568,-0.096848,-0.10247,0.038154,-0.18485,-0.15353,-0.010072,-0.1363,0,0.0021866,0.092395,-0.19761,0.24343,-0.016154,-0.093412,-0.096491,0.0286,-0.038799,-0.24211,-0.086015,-0.21538,-0.092149,0.32437,-0.17911,-0.23282,-0.10348,0.02662,-0.064747,-0.004982,-0.13168,0.31423,-0.11535,-0.22563,-0.090342,-0.12522,-0.064369,0.12869,-0.19183,0.058703,0.1865,0.0094861,0.060675,0.039857,-0.074692,0.012931,0.14346,-0.11748,-0.03091,-0.043295,-0.08492,-0.14503,-0.14287,-0.034338,-0.059856,0.10073,-0.22813,-0.03543,-0.14509,0.30124,0.033583,0.039203,0.23822,0.0021994,-0.15738,-0.068375,0.052662,-0.13372,-0.19974,0.086356,0.16352,0.075105,-0.095265,0.52016,-0.018157,0.65026,-0.080696,0.1295,-0.21581,0.0077892,0.2761,-0.11835,-0.05314,0.044141,-0.12375,-0.14873,0.075515,-0.0080123,-0.0097265,0.017259,-0.0096315,0.005806,0.0040339,-0.0056456,-0.094959,-0.16101,-0.23674,0.013594,-0.028881,0.54946,0.14669,-0.11644,0.029729,-0.11453,0.062006,-0.036186,0.52242,-0.12523,-0.039934,-0.097446,0.46059,0.33599,-0.094479,-0.015025,0.020702,-0.077315,-0.15067,-0.25355,0.17411,-0.17199,0.014519,0.078303,-0.045927,-0.036584,0.1053,0.43555,0.57337,-0.01081,0.0089465,-0.064927,-0.097137,-0.070827,-0.2501,-0.090025,-0.12809,-0.14904,0.35918,0.02042,0.42504,-0.087837,-0.20332,0.63134,0.40923,-0.066268,0.11594,0.06244,-0.041173,-0.0048895,-0.15734,-0.049415,0.010995,-0.16532,-0.13405,0.14538,0.38404,-0.18697,-0.13321,0.32056,-0.077671,-0.080527,0.0089609,-0.061352,0.0081555
0.010123,0.026973,0.019709,0.09735,0.011099,-0.0034332,-0.08703,0.02705,0.053584,-0.076818,-0.040687,0.0094506,0.012887,0.037763,-0.022541,0.0086986,0.019842,0.016908,0.017683,0.012686,-0.033431,0.057113,-0.066894,0.0021866,0,0.021621,-0.013366,-0.033883,0.094428,0.022092,-0.016108,0.073692,0.059724,-0.091122,0.0095866,-0.049252,-0.032264,-0.029264,0.004018,-0.019799,0.015027,0.063065,0.053733,-0.015172,-0.0047218,-0.012828,0.00030227,-0.072584,0.066832,0.0081864,0.002806,0.02558,-0.06097,0.15857,0.068015,-0.03079,0.014987,0.051202,0.063593,0.052894,0.014535,0.043111,0.10848,-0.027652,0.030786,-0.093619,0.019217,0.18708,0.038402,-0.042461,-0.038221,0.057586,-0.012807,0.029194,0.23974,0.032286,-0.010111,0.014446,0.010338,0.277,-0.055216,-0.015859,-0.050018,0.021625,0.011474,0.024838,0.012428,0.043276,0.1488,-0.0082694,0.024946,0.035132,-0.056573,0.059385,-0.02072,0.032722,0.20911,0.021958,0.13831,-0.059118,-0.036149,-0.034398,0.017127,0.059804,0.024679,0.096428,0.1311,0.042747,-0.011877,-0.060732,-0.073622,0.022405,0.1923,-0.0014645,-0.049472,0.0012784,0.0056401,-0.0047476,-0.037687,0.081816,0.0059807,0.03146,0.14883,0.0085194,-0.0072296,0.027579,0.006802,0.22896,0.073742,-0.056122,-0.011379,-0.077184,0.048295,-0.045975,0.097549,0.031323,0.21179,-0.053517,0.02603,0.0071119,0.025955,-0.0067308,0.00762,-0.049945,-0.026502,0.012786,-0.05572,-0.058882,-0.077482,-0.045968,-0.0097469,-0.019284,0.057979,-0.041609,-0.0033904,-0.015295,0.008217,0.036747,0.037797,-0.01598,0.1525,-0.0034244,-0.085919,0.043669,0.075873,-0.018027,-0.054544,-0.0036281,0.057844,-0.031422,-0.0088451,-0.04585,0.046068,-0.0092498,0.21614,0.094211,0.079928
